,accuracy_cauchy,accuracy_gauss,accuracy_laplace,accuracy_mixed,error_denoise_cauchy,error_denoise_gauss,error_denoise_laplace,error_denoise_mixed,error_noise_cauchy,error_noise_gauss,error_noise_laplace,error_noise_mixed,random_state,random_state_labels,value_count_cauchy,value_count_gauss,value_count_laplace,value_count_mixed,window_start_index
0,0.32197244379985496,0.3604060913705584,0.32704858593183467,0.3633067440174039,139.0529639294674,134.4780076565483,140.97176949421734,146.90449154970815,767.9145195490596,620.4937156231181,878.8523589998559,986.536999339443,1885709471,1173222463,1,1,1,1,0
1,0.331399564902103,0.3640319071791153,0.3205221174764322,0.32414793328498914,138.78564344929276,134.88591443723143,140.96972077057416,145.932065362051,760.952947344364,620.3923103309264,876.4338049699354,980.5222812729585,1561234711,1173222463,1,1,1,1,96
2,0.3778100072516316,0.378535170413343,0.3930384336475707,0.38941261783901376,143.79491734942806,135.5083334570452,144.5660558888032,153.70914140795776,770.3756398439347,620.429033869099,877.6936607110775,988.5215733672381,398418263,1173222463,1,1,1,1,192
3,0.36548223350253806,0.3640319071791153,0.36475707034082666,0.3756345177664975,137.81901087047837,134.86975222983247,140.35330969447,145.49765363756362,757.3049474057186,619.7206742937127,873.6977421670206,978.0760854229171,1160081537,1173222463,1,1,1,1,288
4,0.41406816533720087,0.3966642494561276,0.4191443074691806,0.3981145757795504,141.74749258789015,135.3108671273752,144.48320178261707,153.55079502667758,766.006204652467,619.1688371299862,878.4978449033466,984.0552464471227,1977618667,1173222463,1,1,1,1,384
5,0.3727338651196519,0.34155184916606235,0.3734590282813633,0.3531544597534445,140.80014150319712,135.0347360529458,143.23533668910042,151.63107520271527,767.5492801592284,619.4039219228902,876.4416425141907,987.4152923509779,840791536,1173222463,1,1,1,1,480
6,0.38796229151559103,0.3756345177664975,0.38506163886874545,0.3930384336475707,139.59498669684973,134.7037878523807,142.62700047815284,148.55399246731102,762.282146151901,619.9220823986509,877.1782356904155,982.5496602049092,2032734713,1173222463,1,1,1,1,576
7,0.37128353879622916,0.3727338651196519,0.39013778100072516,0.36475707034082666,139.70564731695856,135.0123050486129,141.19166164267173,149.74749055651642,770.6736690261057,620.0448315090372,877.5047636892027,989.9735062727526,621707635,1173222463,1,1,1,1,672
8,0.3161711385061639,0.36475707034082666,0.3263234227701233,0.3263234227701233,137.8012823300747,134.48192164976527,140.48324953339048,144.1176479872644,769.9384381981881,620.0681962571363,880.225026552395,989.3827263052677,1877991823,1173222463,1,1,1,1,768
9,0.3734590282813633,0.3734590282813633,0.36620739666424945,0.32197244379985496,140.48004793671473,135.21293882049633,142.96834284511536,148.8531286316736,765.1377177927071,621.7770571237743,879.7289942608069,985.6678760293725,991470358,1173222463,1,1,1,1,864
10,0.37128353879622916,0.3589557650471356,0.3843364757070341,0.36693255982596085,139.1587404510372,135.21404771753825,141.83735808550506,145.19733620163612,759.9212602087117,622.3498964059959,877.0610833900752,982.2803078748432,248555690,1173222463,1,1,1,1,960
11,0.37055837563451777,0.32849891225525746,0.3154459753444525,0.39158810732414795,140.15878523084695,135.38068387482008,142.5703080373657,149.34394137835957,759.6746180095923,621.3329830507059,877.107810036475,981.7467765901965,128339668,1173222463,1,1,1,1,1056
12,0.3799854967367658,0.3343002175489485,0.378535170413343,0.32342277012327775,139.96823113313636,135.9488999873696,143.35160269489413,149.28745916173057,763.0176909596025,621.7041728964612,876.732208872596,983.363695391717,416035576,1173222463,1,1,1,1,1152
13,0.37128353879622916,0.3756345177664975,0.359680928208847,0.3640319071791153,138.8294887957866,135.31735372503533,142.42627651746005,148.79490688309323,758.6790748726298,620.4136819592843,877.3405445392682,979.8849139329227,354346867,1173222463,1,1,1,1,1248
14,0.3553299492385787,0.369108049311095,0.38071065989847713,0.3727338651196519,138.98059125428102,134.95480930291652,142.0870572997211,146.49045850085568,766.0916069308299,621.2905824333517,877.913034749119,986.3564994377745,733875043,1173222463,1,1,1,1,1344
15,0.3263234227701233,0.37128353879622916,0.3749093546047861,0.38868745467730237,138.89984107255688,134.0116639560792,142.30352395081383,146.95087902715605,764.8162271464704,620.3348747696167,878.6544639024015,984.547860557282,593910261,1173222463,1,1,1,1,1440
16,0.32849891225525746,0.3546047860768673,0.38143582306018853,0.38143582306018853,138.31232045594265,134.68348259498376,141.43341976902025,146.4283602473762,766.2852107536488,621.584231810403,879.9512960378476,987.0545460019704,1064702850,1173222463,1,1,1,1,1536
17,0.36548223350253806,0.369108049311095,0.3792603335750544,0.3560551124002901,139.47473905109797,134.24486079370524,142.0741643759995,146.77291357850885,765.7040807860342,620.8420132396923,878.5743543339521,984.5983237027292,1213207565,1173222463,1,1,1,1,1632
18,0.37128353879622916,0.369108049311095,0.378535170413343,0.36620739666424945,139.62881469409547,134.65287379843312,142.4825157541757,147.84064725243914,761.5828464989511,621.1467342229275,876.9772038869376,983.0592456861558,1929237531,1173222463,1,1,1,1,1728
19,0.4234952864394489,0.369108049311095,0.4039158810732415,0.3763596809282089,141.41174733703957,135.4394485864212,144.4197675283905,152.7070190420279,765.6469325346169,622.1157911897936,878.9470871323865,986.8425851554533,513827529,1173222463,1,1,1,1,1824
20,0.3248730964467005,0.32704858593183467,0.3553299492385787,0.331399564902103,139.39837671332373,135.54622468343277,143.05527116018044,148.2640601452715,768.1184570812591,621.640095772407,880.749388858776,987.5277428959578,13869778,1173222463,1,1,1,1,1920
21,0.32849891225525746,0.32124728063814356,0.3364757070340827,0.32197244379985496,139.52001488050297,134.85828069736598,142.0064844304416,146.69331777551594,767.464579814746,621.5405704411639,879.1674635915475,987.8881880659801,1120876916,1173222463,1,1,1,1,2016
22,0.32414793328498914,0.36475707034082666,0.3821609862218999,0.3763596809282089,138.39402005093422,134.46964876734748,140.5326022301674,145.14267531583081,775.2769570825466,621.1340430596135,882.8788072968485,992.3614860285817,488362406,1173222463,1,1,1,1,2112
23,0.3306744017403916,0.31762146482958664,0.3633067440174039,0.32414793328498914,136.85815022096352,134.17384971049992,139.42296685313485,143.1594070181354,759.9433171635371,621.5667142321178,878.19405432354,981.5738262687825,1916987194,1173222463,1,1,1,1,2208
24,0.3836113125453227,0.369108049311095,0.3821609862218999,0.3734590282813633,138.46244282494644,134.0708603090006,140.92869315406588,145.92931018622656,770.483696960023,620.7224878986265,877.4700526378,989.9525075510442,1704361031,1173222463,1,1,1,1,2304
25,0.3335750543872371,0.32777374909354606,0.36185641769398114,0.3364757070340827,137.03906014499245,133.8642598311617,139.1944655996861,142.53990723111798,758.7474829480146,618.7078179611798,877.1846567395706,979.0098346758999,310157771,1173222463,1,1,1,1,2400
26,0.3749093546047861,0.32124728063814356,0.3792603335750544,0.37200870195794056,138.69376670747212,134.71874136377042,142.7384163436196,149.16812016277208,756.6055574607933,619.3158067392112,873.725750476912,976.8321203690798,889673951,1173222463,1,1,1,1,2496
27,0.37200870195794056,0.3763596809282089,0.3734590282813633,0.39013778100072516,139.67506290063105,134.44872787902312,142.22395254712475,148.23932469773558,774.2157456533675,617.9968960058533,876.4042308019577,991.7129986988363,718489173,1173222463,1,1,1,1,2592
28,0.3756345177664975,0.3821609862218999,0.38723712835387963,0.35242929659173317,140.39300653676568,134.39396423508245,142.67979806286428,150.08815380884943,755.7425301621552,617.9975651136939,873.6521649531215,976.422038368496,179990059,1173222463,1,1,1,1,2688
29,0.32342277012327775,0.32414793328498914,0.39231327048585934,0.39013778100072516,138.91576634442393,134.40289897595017,141.24498562078907,145.91670373106913,760.8910740611441,617.9721494219913,873.2394724866226,980.6716464038308,1646064444,1173222463,1,1,1,1,2784
30,0.36548223350253806,0.36765772298767224,0.3727338651196519,0.3560551124002901,138.6746902974065,134.4721449236661,141.41890054372232,146.8150676137708,761.5945180202642,619.129881944438,873.0996759227944,981.9948971890486,842018965,1173222463,1,1,1,1,2880
31,0.3386511965192168,0.3248730964467005,0.3263234227701233,0.3488034807831762,138.4208937951387,134.6882302604282,140.96361543657704,147.95408631060957,773.1610605336986,616.8290798724329,875.5285128056577,989.3624992173172,1007974515,1173222463,1,1,1,1,2976
32,0.3589557650471356,0.32704858593183467,0.3263234227701233,0.37128353879622916,137.51726349897731,134.14570733194554,140.3220721875964,144.17157865334852,760.7331244621715,616.7910927568563,871.7278668098579,979.255446849064,729223656,1173222463,1,1,1,1,3072
33,0.32197244379985496,0.3582306018854242,0.3328498912255257,0.3763596809282089,138.8193238172138,135.03711174430197,140.69985347456034,145.33674290002705,765.1591654651742,616.7178614002048,871.3581089725368,982.308393314867,554513576,1173222463,1,1,1,1,3168
34,0.32777374909354606,0.32414793328498914,0.3263234227701233,0.36113125453226974,137.46784580207554,134.30675660231782,140.03894706401744,143.02129667636146,758.7598845424548,614.8526318150468,869.7517633949325,975.562377803983,47894182,1173222463,1,1,1,1,3264
35,0.36548223350253806,0.3306744017403916,0.3560551124002901,0.3770848440899202,138.50567697150976,134.4988948778468,141.8568163408543,145.7369379113635,755.3397613126738,614.8836876011235,869.2531123513711,973.8700846500515,125157132,1173222463,1,1,1,1,3360
36,0.36620739666424945,0.36185641769398114,0.369108049311095,0.34517766497461927,140.55739924009498,135.11883031472988,142.14006204127625,150.0366012756298,758.8311197504677,614.5232979427324,868.2504413796737,975.957078534882,1912201722,1173222463,1,1,1,1,3456
37,0.3792603335750544,0.3792603335750544,0.3749093546047861,0.369108049311095,140.7556296084824,135.27991756492062,143.84577062485548,150.6387322971134,767.6227089808916,615.7400525505726,870.9858907135086,983.3684558160862,984877706,1173222463,1,1,1,1,3552
38,0.3741841914430747,0.36620739666424945,0.38143582306018853,0.3828861493836113,139.47877714639066,134.27045709693706,142.42244247700143,148.56120795174664,767.9573121330594,614.0569337544626,870.4653468228591,982.8093817638318,51259752,1173222463,1,1,1,1,3648
39,0.3749093546047861,0.3749093546047861,0.38071065989847713,0.3770848440899202,139.36174805261504,134.3745391394329,142.2790373250965,146.87904824739664,767.8595594684684,615.5845595250132,871.7427644566856,983.2410857949584,865478600,1173222463,1,1,1,1,3744
40,0.37200870195794056,0.3147208121827411,0.3792603335750544,0.39013778100072516,138.2115680200073,134.55465299489293,140.50395704829978,146.76560250189456,759.9444372734317,615.8801996393724,869.6980583995078,976.9942488893712,1794910472,1173222463,1,1,1,1,3840
41,0.4169688179840464,0.3828861493836113,0.4002900652646846,0.41479332849891226,138.1414438228346,133.59128161275936,141.578481358177,148.85120704147013,764.4413017434448,614.6852317198599,872.5495883993522,980.5269346782889,1966314794,1173222463,1,1,1,1,3936
42,0.3727338651196519,0.36258158085569253,0.3799854967367658,0.378535170413343,138.55813864844492,133.94241957530045,141.5188707366273,146.39759833649492,760.8210788626681,615.4490052230586,871.1035882920029,979.0927253233508,986980081,1173222463,1,1,1,1,4032
43,0.3799854967367658,0.36838288614938364,0.3749093546047861,0.3828861493836113,137.93065057077874,133.41344599401083,140.28436615685715,147.03638080899387,767.839719615749,615.8407239379839,870.9435719407497,985.0506120558034,1914615394,1173222463,1,1,1,1,4128
44,0.3749093546047861,0.3778100072516316,0.3734590282813633,0.3770848440899202,137.86370129173764,133.67387759681037,141.17618092379792,148.33710452679125,759.8619717112612,615.216621146107,869.9037131626255,977.17840010995,86826398,1173222463,1,1,1,1,4224
45,0.3836113125453227,0.3756345177664975,0.37200870195794056,0.4213197969543147,139.61632873138427,134.16757820402364,141.19244662581085,153.4254891061391,765.3324885779583,615.2319689925125,870.4254510158962,983.5602091029431,4438093,1173222463,1,1,1,1,4320
46,0.36475707034082666,0.369108049311095,0.3640319071791153,0.3306744017403916,138.01670054931836,134.67933914205614,141.0265710330375,145.79102044319689,761.2949216290546,614.5222976129888,869.719238715112,978.6355186822182,1745883381,1173222463,1,1,1,1,4416
47,0.36693255982596085,0.37055837563451777,0.3734590282813633,0.36548223350253806,138.3700237510554,134.37730946217874,140.85110450226009,146.54564670714984,764.248181140057,615.8160491509502,870.6717381496579,981.3091742980168,648368580,1173222463,1,1,1,1,4512
48,0.37128353879622916,0.38143582306018853,0.32777374909354606,0.38796229151559103,139.59907517810282,135.30641789265727,142.17110008559777,148.5864047085169,769.31448303691,615.6499122244296,871.7536066316616,985.8682488800313,1667206774,1173222463,1,1,1,1,4608
49,0.36765772298767224,0.33792603335750543,0.36620739666424945,0.3792603335750544,137.89392282838472,134.02811204277828,140.7222200291253,144.94854720443487,761.7788496712241,614.4016353151976,870.230514445054,979.0262731915996,978430516,1173222463,1,1,1,1,4704
50,0.32414793328498914,0.37200870195794056,0.32414793328498914,0.31689630166787525,137.86630201272354,133.81868103357226,140.14506431714855,144.78157519744926,765.1050148304004,615.3219551497833,870.8107871496109,983.4094447489439,1540022417,1173222463,1,1,1,1,4800
51,0.3248730964467005,0.331399564902103,0.38868745467730237,0.3255982596084119,137.48468400024453,133.28350985093812,140.59828228097246,144.2948766773164,765.6651919001275,615.6491250163281,870.9039934957038,981.557383390649,1286392163,1173222463,1,1,1,1,4896
52,0.3575054387237128,0.32704858593183467,0.36475707034082666,0.36113125453226974,137.2211102586652,133.88197138267836,140.51644493968965,143.70892335485647,768.4463083680873,614.8476798556076,871.0762708626376,985.3979657601357,140482324,1173222463,1,1,1,1,4992
53,0.3248730964467005,0.3255982596084119,0.3828861493836113,0.36765772298767224,137.66734070069327,133.6012331288469,140.68149511584747,145.62910437910054,759.4827491602799,614.5445812734013,869.1091237975172,977.3916428798835,1546828459,1173222463,1,1,1,1,5088
54,0.32414793328498914,0.32414793328498914,0.32414793328498914,0.331399564902103,136.18028458435185,133.65981378085456,138.79164194906076,141.33577031704056,764.5099329908652,616.5606298673804,872.3310246257896,982.1502134159662,1350316540,1173222463,1,1,1,1,5184
55,0.3582306018854242,0.32414793328498914,0.36258158085569253,0.3248730964467005,135.56672737226955,133.5355289668926,138.17328311606641,140.78729482558242,752.5639116435226,617.7953010827201,871.5421241981849,973.8444493028898,2063469972,1173222463,1,1,1,1,5280
56,0.3255982596084119,0.3248730964467005,0.32777374909354606,0.32414793328498914,136.33426314505314,133.74007888903822,138.15678305892195,140.73284553839602,760.2120436470991,618.4686736368178,875.0017744543751,979.104447237081,2117804669,1173222463,1,1,1,1,5376
57,0.32269760696156635,0.3292240754169688,0.3263234227701233,0.331399564902103,136.29008078994354,133.51419075423786,138.85518293958918,141.30678297948643,769.732015971486,617.6551336891678,875.7957978223831,988.5921536810381,1736278420,1173222463,1,1,1,1,5472
58,0.32414793328498914,0.32414793328498914,0.32197244379985496,0.32414793328498914,135.95865121274704,133.70084080672143,138.57190865502747,140.51645617800213,766.7898804005323,618.3419547532446,875.8791335865991,984.6740620502102,1656384100,1173222463,1,1,1,1,5568
59,0.32414793328498914,0.32269760696156635,0.32849891225525746,0.32197244379985496,136.0104151312165,134.2019113352553,138.63152420587826,140.33861808937476,762.8889291906232,619.904722911266,876.51036254452,982.8522702876012,755951331,1173222463,1,1,1,1,5664
60,0.3604060913705584,0.32777374909354606,0.3255982596084119,0.3292240754169688,137.8529835353027,134.49267487439997,139.89519609586736,142.75651034246508,760.7541667780216,618.4975944882946,873.2428548759287,979.6958536521912,459733937,1173222463,1,1,1,1,5760
61,0.32197244379985496,0.32704858593183467,0.3248730964467005,0.32849891225525746,136.39915070591456,134.17297466961045,138.89524570943334,141.08235304639655,763.2861355442504,618.7149460038287,875.3365456978005,983.0252317856839,975165669,1173222463,1,1,1,1,5856
62,0.3343002175489485,0.3799854967367658,0.359680928208847,0.3981145757795504,140.79431138733625,135.2831286083323,143.73972575775989,152.7675235413025,764.4315332546922,620.2808587698172,876.7623153339765,984.9461340916439,184412080,1173222463,1,1,1,1,5952
63,0.37128353879622916,0.359680928208847,0.32777374909354606,0.38578680203045684,138.29907442203006,134.33579742452991,142.13049016153266,145.6684445843968,760.6795327902449,619.2302451146114,876.755203971922,980.3868708606618,153586965,1173222463,1,1,1,1,6048
64,0.37200870195794056,0.3255982596084119,0.3589557650471356,0.3582306018854242,139.14668245362822,134.12952394243564,142.0956707637904,148.15641297734828,767.0240866528011,620.3410443443145,877.7051883720989,987.6898905734948,2090857507,1173222463,1,1,1,1,6144
65,0.32414793328498914,0.34227701232777374,0.3263234227701233,0.32849891225525746,138.93925865114088,134.4576369412999,142.78339251438396,149.33755494394762,766.5533408195472,619.9609838062489,877.6337531757041,986.1185618641143,777559766,1173222463,1,1,1,1,6240
66,0.3292240754169688,0.3255982596084119,0.32342277012327775,0.3582306018854242,138.75150302093087,134.70428685167172,141.989231159412,147.36250666025532,764.8634063211304,619.164321010379,875.9900643430434,984.7433618004303,1590192977,1173222463,1,1,1,1,6336
67,0.3741841914430747,0.32414793328498914,0.3741841914430747,0.3763596809282089,138.5492869574361,134.69835762604825,141.29237541802522,146.1926688503853,758.9933503008947,619.3916095584241,874.6830288628415,980.6180970952939,1082026729,1173222463,1,1,1,1,6432
68,0.3589557650471356,0.36113125453226974,0.32414793328498914,0.32777374909354606,138.286149442727,135.02270442947224,142.5401091690712,147.47383667017718,756.9561429914136,619.1271808548975,875.1031237338091,976.6014497735289,2101886863,1173222463,1,1,1,1,6528
69,0.3321247280638144,0.369108049311095,0.3640319071791153,0.3734590282813633,139.04520579364342,134.99317282599225,140.6369350907708,145.0880072871856,769.5266752447004,619.633190536915,878.1140558101664,987.539141666016,1245293116,1173222463,1,1,1,1,6624
70,0.3763596809282089,0.378535170413343,0.3763596809282089,0.3836113125453227,138.66183132833868,134.81374786124314,141.64014707634595,146.73398832854664,762.8940079171617,620.9788621272892,878.8335762762031,983.5963893329052,1688290354,1173222463,1,1,1,1,6720
71,0.36258158085569253,0.32777374909354606,0.36693255982596085,0.3604060913705584,137.46483218283342,134.8146377414343,140.2159672403838,142.20241935731153,766.8338940840433,622.0742878768793,881.4472631466776,988.5475989209457,1670907676,1173222463,1,1,1,1,6816
72,0.32704858593183467,0.32414793328498914,0.32342277012327775,0.3255982596084119,137.1666080323182,134.9554687127016,139.96025065953148,142.35371571329472,765.4656230453683,623.0634810096967,882.6261206856758,986.4133354402828,286810948,1173222463,1,1,1,1,6912
73,0.3589557650471356,0.3321247280638144,0.3640319071791153,0.3248730964467005,138.53560508102984,135.3157443750668,141.8933251994734,146.028790967068,756.33215666818,624.2532657369852,878.9741859545801,980.3558268076893,1524436703,1173222463,1,1,1,1,7008
74,0.36113125453226974,0.3335750543872371,0.3828861493836113,0.32124728063814356,140.4341653186109,135.5332166185269,142.89648483624254,149.6847944189701,762.6383337978672,624.2566730990536,883.0543901333989,984.28806805702,256388523,1173222463,1,1,1,1,7104
75,0.331399564902103,0.3328498912255257,0.32777374909354606,0.34372733865119653,139.26796007310955,135.7084835705911,141.92686814658774,146.1714622045223,763.2849723985627,624.7019853631092,882.7955603702279,986.8435793994139,632857886,1173222463,1,1,1,1,7200
76,0.3393763596809282,0.36693255982596085,0.3263234227701233,0.3248730964467005,141.3061728761698,136.62225578346886,146.3573669881956,150.84217668243022,758.8138662497868,624.6908871144788,882.3187631907767,983.5616254003397,476544465,1173222463,1,1,1,1,7296
77,0.3292240754169688,0.3263234227701233,0.3321247280638144,0.3306744017403916,138.6809726583581,135.82039897852658,141.10125911586064,143.99953452901437,763.2021611520349,623.6239211069203,882.6535803422111,984.6037571740086,899331785,1173222463,1,1,1,1,7392
78,0.32849891225525746,0.32704858593183467,0.32414793328498914,0.3292240754169688,137.9727503717082,135.22931638645895,140.16943244167953,142.95041797961954,762.8541010106796,622.727646627507,882.0970164105715,983.9034537168928,1344112274,1173222463,1,1,1,1,7488
79,0.32849891225525746,0.3292240754169688,0.32414793328498914,0.32414793328498914,138.45522424486842,135.22158588077622,140.20268701477673,143.937716608072,760.4432917980259,623.0131169244981,878.954775401705,981.9821872122546,2120252249,1173222463,1,1,1,1,7584
80,0.3299492385786802,0.3248730964467005,0.32342277012327775,0.32849891225525746,136.76934585178589,134.62495909374863,139.596430005636,141.47582724924757,760.3599641075843,621.3146074826238,876.0819341996864,981.4232906438281,1504641581,1173222463,1,1,1,1,7680
81,0.3255982596084119,0.32414793328498914,0.32414793328498914,0.36765772298767224,136.81990649421942,134.45831047753134,138.73367418165066,142.29137988809072,765.5319130722914,620.4128080750351,878.1312720427627,985.9630830495937,61311446,1173222463,1,1,1,1,7776
82,0.36548223350253806,0.3321247280638144,0.38071065989847713,0.3589557650471356,137.2631414944657,134.0406205027675,140.2409397178315,143.38470579503124,771.4419761040216,619.9209007084771,879.7097211679334,990.4599390635872,1652813683,1173222463,1,1,1,1,7872
83,0.38578680203045684,0.3741841914430747,0.38941261783901376,0.38071065989847713,139.06308768549297,134.75811637428924,141.7929466671729,146.36784296268138,759.0735395871267,621.2191918621662,875.2155395495315,980.2271537247877,858557497,1173222463,1,1,1,1,7968
84,0.3582306018854242,0.3248730964467005,0.36620739666424945,0.3560551124002901,137.96149221626678,134.40162817964855,140.89536919205258,145.39657910785283,767.9270274061222,620.6220950688249,878.8775638242607,987.8488158879386,870186830,1173222463,1,1,1,1,8064
85,0.32342277012327775,0.32414793328498914,0.32414793328498914,0.32777374909354606,137.38919896308076,134.17321846587828,139.66539645880204,143.3116416715026,766.52128088864,621.6038698296417,878.5062961950148,986.7533482138713,695565020,1173222463,1,1,1,1,8160
86,0.3205221174764322,0.3248730964467005,0.36258158085569253,0.32849891225525746,136.6153239000763,134.66823949704852,140.43976044679988,142.62470127085385,769.5344439533714,621.8086768379875,882.8787606222452,990.0092329442467,753793849,1173222463,1,1,1,1,8256
87,0.31907179115300943,0.3299492385786802,0.3299492385786802,0.3255982596084119,137.40867266133574,134.68711786477252,140.67365090361355,144.27909740120177,761.332218214963,623.3475550173433,881.9065278520561,983.7390515819244,1316701162,1173222463,1,1,1,1,8352
88,0.36475707034082666,0.3633067440174039,0.369108049311095,0.37055837563451777,139.21404723914713,135.64691806524087,142.43258461569621,146.5752952076918,766.8744358194028,625.5720129726346,883.4404623651542,989.935131559446,1935338831,1173222463,1,1,1,1,8448
89,0.3248730964467005,0.36475707034082666,0.3582306018854242,0.3582306018854242,141.11015453517587,136.19165963206225,144.287666600905,149.5324119355645,765.5864315600292,625.8428604565981,884.4725874062096,988.5817663556962,986520637,1173222463,1,1,1,1,8544
90,0.36765772298767224,0.37200870195794056,0.369108049311095,0.4010152284263959,141.61085860159272,136.03255519235165,144.80320835164565,153.65529380934942,769.2408760223735,625.4114117740619,884.3097165641985,992.6924045705838,197867473,1173222463,1,1,1,1,8640
91,0.35242929659173317,0.3205221174764322,0.3734590282813633,0.32414793328498914,138.6123302646111,135.09341188481542,141.85559897667326,146.75994299239923,768.7812642052197,623.9831941796223,884.1595072351987,989.925594237178,1769640377,1173222463,1,1,1,1,8736
92,0.3386511965192168,0.331399564902103,0.3589557650471356,0.37128353879622916,137.83365138777214,135.06816663629343,140.98194767372522,144.6110478431778,760.1583129233045,623.7198950211002,882.8961336865102,983.5256716783528,440668753,1173222463,1,1,1,1,8832
93,0.32414793328498914,0.32704858593183467,0.3335750543872371,0.3343002175489485,138.2646964975555,135.19398296248733,141.26757687733968,144.52514263917124,758.74014008456,623.1799051609379,880.9886688345914,982.6116006792827,1394847541,1173222463,1,1,1,1,8928
94,0.3770848440899202,0.3589557650471356,0.36113125453226974,0.3741841914430747,140.01458100789327,135.0132140412574,141.9225667750473,147.14088200801515,768.3622062803202,623.3554946288723,880.7298554105871,989.2923589243868,696384454,1173222463,1,1,1,1,9024
95,0.3589557650471356,0.3263234227701233,0.3488034807831762,0.32777374909354606,140.1901244729611,135.51872567368451,142.12947772594364,147.85197056228424,755.564798287764,621.7264471028931,877.0213362225331,979.405068929648,46653467,1173222463,1,1,1,1,9120
96,0.359680928208847,0.3538796229151559,0.37200870195794056,0.37200870195794056,140.1887355395339,135.2318132308209,142.9162339019903,147.9693971684806,760.3669980430631,622.3026341671696,880.2468961349258,982.0638717758434,1734212074,1173222463,1,1,1,1,9216
97,0.3328498912255257,0.34227701232777374,0.3299492385786802,0.3546047860768673,138.93591716202943,134.72709539021446,141.1151310821089,145.94926391807715,764.7207775069892,624.4680198609619,880.1934887751838,987.9651843882715,489621931,1173222463,1,1,1,1,9312
98,0.3589557650471356,0.31689630166787525,0.3640319071791153,0.3727338651196519,137.96762303101744,135.3196798443838,141.08724610708325,144.24828164991376,767.7616125866122,624.6975301130544,881.6037302664427,988.9227171952389,994490177,1173222463,1,1,1,1,9408
99,0.3321247280638144,0.32414793328498914,0.3299492385786802,0.36258158085569253,138.74933454568313,135.21982674608063,141.71182062268656,145.06516869311406,759.8148731382713,626.0479026109883,881.7824064868499,983.8793673269117,1182251626,1173222463,1,1,1,1,9504
100,0.3299492385786802,0.36185641769398114,0.3343002175489485,0.3575054387237128,139.202677798208,135.72754811259094,142.79128073476537,146.6544979146914,758.9556740289811,625.7616694019536,884.9517704662243,983.9907452704505,1834054771,1173222463,1,1,1,1,9600
101,0.3778100072516316,0.36620739666424945,0.3828861493836113,0.3328498912255257,140.60845358848334,135.97114023677128,144.8673356008804,148.63986166511347,767.5293005336546,625.5655567145701,887.5214312171636,990.4166913344069,478213717,1173222463,1,1,1,1,9696
102,0.41406816533720087,0.4263959390862944,0.43002175489485134,0.369108049311095,143.7954848331434,136.37147426209637,146.76498253261187,155.43253175810565,762.052260085732,626.5174963390298,886.957543133322,986.7454473768913,1967912781,1173222463,1,1,1,1,9792
103,0.3393763596809282,0.369108049311095,0.3306744017403916,0.3255982596084119,142.690714550156,136.34171143759087,147.77492970100712,155.683599515966,756.3449400089988,627.8547279298419,885.3523125222541,984.2353621497358,1584205688,1173222463,1,1,1,1,9888
104,0.38941261783901376,0.32777374909354606,0.36258158085569253,0.38506163886874545,140.0416413800254,135.599467050192,143.54277979959843,148.78646786714964,767.7768710554647,626.0963833219887,887.3523990316598,990.8681595948178,605274726,1173222463,1,1,1,1,9984
105,0.36838288614938364,0.3248730964467005,0.3763596809282089,0.3778100072516316,140.37727541591403,134.9122819749566,142.5411191897385,147.88582534690585,763.9321695781236,625.8164087263275,885.4625058004419,986.6953433083123,2054776138,1173222463,1,1,1,1,10080
106,0.37200870195794056,0.36620739666424945,0.3292240754169688,0.36765772298767224,140.78881718672739,135.42101550541415,144.3853263446226,149.60118979880156,755.0249109133578,625.4212489755901,884.1492316077557,980.1147779649951,670005991,1173222463,1,1,1,1,10176
107,0.3981145757795504,0.369108049311095,0.36185641769398114,0.32269760696156635,143.32816138433094,136.1091788542252,146.0742475573309,155.388361186745,762.59480152997,625.627152458894,884.9154452368051,985.6734185046942,1373195492,1173222463,1,1,1,1,10272
108,0.3488034807831762,0.32269760696156635,0.33720087019579403,0.35242929659173317,142.16953454956968,136.1752822411881,145.60740955246305,150.62063492028554,770.1280134152835,625.4430270018127,885.3559381717646,992.075071153209,252901241,1173222463,1,1,1,1,10368
109,0.3778100072516316,0.39231327048585934,0.39013778100072516,0.39086294416243655,141.8436092310957,136.09979993445245,146.3731038987325,156.83158264208646,760.9168034246769,626.3245113774788,885.7697361955384,984.91240935354,2024318490,1173222463,1,1,1,1,10464
110,0.37128353879622916,0.3778100072516316,0.3770848440899202,0.39086294416243655,140.57260745647127,135.84057970672174,143.01242660980802,149.89878234329254,762.7123583968756,625.8381720520217,884.1343100540266,986.221035565396,303716120,1173222463,1,1,1,1,10560
111,0.4024655547498187,0.41624365482233505,0.40464104423495284,0.4024655547498187,142.4773573315722,137.0632898751689,145.35232609571813,153.59521174262966,764.6325897766156,627.5225316358847,886.7563689846821,988.8662416993644,399901253,1173222463,1,1,1,1,10656
112,0.32704858593183467,0.39593908629441626,0.39593908629441626,0.36548223350253806,144.47134946716906,136.6710014786649,145.90506930403225,154.09191572876958,770.1370755250883,626.7128374496475,887.5507460440245,992.2357217995834,1751108504,1173222463,1,1,1,1,10752
113,0.40899202320522116,0.3981145757795504,0.4039158810732415,0.40609137055837563,141.75214900831986,136.47802993984902,145.96547509122647,153.70541765609576,761.4945693173595,627.0805601943749,886.6347313045434,985.8301627319091,970411432,1173222463,1,1,1,1,10848
114,0.3966642494561276,0.40536620739666424,0.4075416968817984,0.40536620739666424,142.0585430841092,136.25888314409136,146.07768328576128,151.58327360742527,758.3489881567308,626.2888936603969,885.8232635321916,982.9239333880289,545481712,1173222463,1,1,1,1,10944
115,0.38723712835387963,0.4031907179115301,0.3981145757795504,0.32777374909354606,142.82243571830534,136.4454473183235,145.59123977614968,152.27437573088943,763.3507672110936,626.5353634156304,886.8720515028609,988.0876751177857,1469532724,1173222463,1,1,1,1,11040
116,0.44017403915881076,0.38651196519216824,0.3778100072516316,0.37128353879622916,141.0572938914326,135.793163803462,145.28646985287844,150.88458154981143,755.8650784323751,627.5742330638818,885.916740322829,982.5774973619795,178828087,1173222463,1,1,1,1,11136
117,0.4452501812907904,0.41044234952864395,0.3828861493836113,0.4031907179115301,143.78066180285805,135.6536642496127,144.633515874407,154.25024331510744,775.7509324382322,627.3166579510307,887.8307855179233,998.1817627137674,1605838182,1173222463,1,1,1,1,11232
118,0.36838288614938364,0.39086294416243655,0.38651196519216824,0.39086294416243655,141.744252591388,135.96079583230323,144.60602540623466,150.77743447559672,769.8688614422604,625.7419559855368,887.1441531845601,993.3659672700732,1893502850,1173222463,1,1,1,1,11328
119,0.4205946337926033,0.3778100072516316,0.38578680203045684,0.36838288614938364,141.263545812935,135.6753736202778,144.37514112207597,150.65797577999135,769.5721117955675,627.4289534177454,889.1076406838226,993.3827504047299,2076059924,1173222463,1,1,1,1,11424
120,0.369108049311095,0.3633067440174039,0.3799854967367658,0.32704858593183467,140.81299319837672,136.09124643416936,144.23919263482824,153.00422191455516,762.6802346149021,626.5888300339786,886.1603579529236,985.7584317268438,650200082,1173222463,1,1,1,1,11520
121,0.38071065989847713,0.3741841914430747,0.38143582306018853,0.3756345177664975,143.07274818840284,135.8700669566058,146.35467666393427,156.41801689618532,761.9683077580767,626.2457415260136,887.6011952082779,984.6479050192341,1515093268,1173222463,1,1,1,1,11616
122,0.39086294416243655,0.38941261783901376,0.3553299492385787,0.36620739666424945,141.6127540498396,135.95869026744367,145.5965013227635,152.3713822093549,759.1531609327975,626.5343773046317,886.3738502101688,984.3505236701428,1743023856,1173222463,1,1,1,1,11712
123,0.4271211022480058,0.43147208121827413,0.40536620739666424,0.3763596809282089,142.98966116869647,136.79384754908915,146.96958054578874,152.0913344621217,763.0588431300824,625.9945487328672,885.1565754785953,987.4152693182656,921227523,1173222463,1,1,1,1,11808
124,0.3575054387237128,0.3328498912255257,0.36113125453226974,0.36838288614938364,138.99176574468044,135.79629616342376,141.2611468495222,146.4839850838996,765.0833824942798,626.5797539299328,886.5036997253761,987.827366709359,136315057,1173222463,1,1,1,1,11904
125,0.3255982596084119,0.331399564902103,0.3582306018854242,0.3357505438723713,138.80779509186965,135.48126177604854,141.2960371401162,145.81246384929804,772.3336251898955,625.8570197341037,886.760563313315,995.2019337207192,261364908,1173222463,1,1,1,1,12000
126,0.32414793328498914,0.32704858593183467,0.3792603335750544,0.3821609862218999,138.60675405473575,135.26362079673893,141.80930277425685,146.51648800461732,760.4385388146108,624.0332787956627,884.6651660054243,983.6350179113728,1456529400,1173222463,1,1,1,1,12096
127,0.39013778100072516,0.4017403915881073,0.4082668600435098,0.36765772298767224,141.01304687821954,136.1644298615961,144.2246712475721,151.4829301176148,777.5667459149413,624.8213066795082,887.7676782313729,996.6894880119861,324848477,1173222463,1,1,1,1,12192
128,0.32704858593183467,0.37128353879622916,0.3299492385786802,0.32414793328498914,138.65473462819858,134.79622133326092,141.42740777540226,145.89277623510077,758.7297769301258,624.6948829109268,883.3187600439354,982.3207044185823,167161260,1173222463,1,1,1,1,12288
129,0.41406816533720087,0.4184191443074692,0.4184191443074692,0.3727338651196519,141.20191517582495,136.15541166791613,144.40502305535094,153.82426563810915,756.9194173213442,624.9536937371906,883.0414712309736,981.2558164843338,608497153,1173222463,1,1,1,1,12384
130,0.37128353879622916,0.3828861493836113,0.38868745467730237,0.38578680203045684,139.414107218667,135.4127621131121,142.0639563104563,146.96559441425356,764.4508451067948,625.908343187767,883.3137538522419,988.1957784178501,955457614,1173222463,1,1,1,1,12480
131,0.36765772298767224,0.36838288614938364,0.38071065989847713,0.36765772298767224,138.74694604152884,135.82056604383587,142.46193507368153,146.806912611601,760.732097459481,625.6821181526559,882.4928032117733,985.0972113651665,1693065816,1173222463,1,1,1,1,12576
132,0.39013778100072516,0.3944887599709935,0.40464104423495284,0.3937635968092821,141.6426043082497,136.42978389129783,144.93615219686316,152.35127463177326,760.5843817479033,626.1587137664706,884.6544411007825,983.9132782285844,813857255,1173222463,1,1,1,1,12672
133,0.3640319071791153,0.3741841914430747,0.3749093546047861,0.3756345177664975,140.82604683136267,135.5889242304289,143.92221750580472,150.18567534960567,753.934387584033,625.2777785750961,884.5788603108457,978.4620508233171,1088317239,1173222463,1,1,1,1,12768
134,0.3350253807106599,0.3292240754169688,0.33792603335750543,0.3357505438723713,137.803581560829,135.37602364613824,140.63914226718023,144.65256660022493,758.63161039124,625.0430599436031,885.1359271734334,981.9589770782508,548141979,1173222463,1,1,1,1,12864
135,0.359680928208847,0.33720087019579403,0.369108049311095,0.3582306018854242,139.32990584704368,135.56293321147163,141.64122315052117,147.07769138911968,768.9004700680074,625.0517612041635,886.1367471887517,991.2614229778674,1669952185,1173222463,1,1,1,1,12960
136,0.3357505438723713,0.3582306018854242,0.359680928208847,0.3567802755620014,139.56964691088183,135.69557158876628,141.74297292070455,146.84796288523415,757.3535264686739,625.5643815889616,882.2304338806176,983.2697710549317,633097089,1173222463,1,1,1,1,13056
137,0.32849891225525746,0.32414793328498914,0.3575054387237128,0.3343002175489485,138.31084546334301,135.53087437926484,142.0855986542832,145.56743506271002,762.0668938561306,625.8950091993521,884.5395610042083,986.0915714799398,492431051,1173222463,1,1,1,1,13152
138,0.32704858593183467,0.32414793328498914,0.3248730964467005,0.36475707034082666,138.04244357056731,135.41060951535303,141.2558431318436,145.108059592735,762.344338048487,625.7632755181229,883.87476412097,986.8782014937782,490496647,1173222463,1,1,1,1,13248
139,0.369108049311095,0.36620739666424945,0.37128353879622916,0.3778100072516316,140.04207237660344,135.33882709525716,142.73214777359266,147.74125382761355,765.5562179435415,625.473503956123,885.6283828564035,989.7933282635012,682497516,1173222463,1,1,1,1,13344
140,0.3836113125453227,0.3756345177664975,0.3843364757070341,0.3821609862218999,140.85269852992772,135.89258826828967,143.65349695921097,149.45602631224372,760.6021827448602,627.383845897235,884.3267414175034,987.1006662222715,1529373992,1173222463,1,1,1,1,13440
141,0.32849891225525746,0.36185641769398114,0.3633067440174039,0.3255982596084119,137.3805559313577,135.33151547023056,140.20053624430219,143.3006976443686,764.1297147820691,625.3072725460936,883.956260889418,986.8378462117774,260879066,1173222463,1,1,1,1,13536
142,0.39086294416243655,0.3944887599709935,0.38941261783901376,0.4031907179115301,139.87124022029994,135.63668281292382,142.8854699878175,148.93396831379206,760.9977805614163,625.0000724536209,882.5633213774927,984.365664025491,295628666,1173222463,1,1,1,1,13632
143,0.4271211022480058,0.43074691805656273,0.4227701232777375,0.4234952864394489,143.24754734682904,135.99182584204763,144.8035751392061,152.47261377376358,762.7051442562628,623.6994270962641,883.0463066614353,985.8009930822548,1729944985,1173222463,1,1,1,1,13728
144,0.3770848440899202,0.44960116026105873,0.49746192893401014,0.35242929659173317,146.27036543227857,136.03122740549927,145.17484740465505,154.00042908723645,763.8927064602811,623.9485131463174,883.8834535555071,986.485433052635,1331799946,1173222463,1,1,1,1,13824
145,0.34445250181290793,0.43437273386511965,0.3749093546047861,0.3995649021029732,142.80435521949022,135.6819788473342,145.36948409815523,155.15181535938936,765.0375871959715,622.7254627186356,881.778839276762,987.461464750463,1400804684,1173222463,1,1,1,1,13920
146,0.31762146482958664,0.32414793328498914,0.32777374909354606,0.37200870195794056,138.80185300944476,134.57596009353236,142.53286636553392,147.35099397518962,766.39371293958,624.811011321042,881.6059076957604,988.9922451906228,341853211,1173222463,1,1,1,1,14016
147,0.43872371283538797,0.3756345177664975,0.38651196519216824,0.37200870195794056,149.1058474329025,135.32223232773265,147.01019584408238,155.71788260887612,762.990635774097,624.8076390665792,882.8890256246121,986.078304147757,367300361,1173222463,1,1,1,1,14112
148,0.359680928208847,0.3343002175489485,0.36548223350253806,0.38506163886874545,139.45254579500752,134.94564695474972,143.52447962288954,148.8534020436244,756.2675857910792,624.273711877717,881.9247925223817,980.7652541519949,2075885244,1173222463,1,1,1,1,14208
149,0.38578680203045684,0.3988397389412618,0.4039158810732415,0.3821609862218999,140.58320640930418,135.45699041372072,143.315025661251,151.1173583720441,772.2153279138364,624.140997081499,884.6876532007699,993.831352503221,696091960,1173222463,1,1,1,1,14304
150,0.32414793328498914,0.32414793328498914,0.3401015228426396,0.36693255982596085,137.33854519454596,134.7701542342415,140.0939909814983,143.98910200797724,766.015580038955,624.177823637606,885.2306478229539,988.6184529892715,1270888814,1173222463,1,1,1,1,14400
151,0.3255982596084119,0.359680928208847,0.38578680203045684,0.36548223350253806,138.294394719423,135.02538325519822,141.45505261203135,145.09959782937804,763.7295563968365,624.2416549738821,882.6690137149009,986.1571226355418,421032850,1173222463,1,1,1,1,14496
152,0.36838288614938364,0.36113125453226974,0.359680928208847,0.3560551124002901,138.13177287288514,135.01622193670937,142.14134161311875,146.44650255500738,757.3211046134604,624.20932037409,882.1458440335783,981.3301448796699,1102659834,1173222463,1,1,1,1,14592
153,0.3799854967367658,0.36185641769398114,0.3828861493836113,0.38651196519216824,138.02302786143838,134.55361826945273,140.9958583251861,145.72411120497637,766.5841050007756,624.1997154066187,883.4991030693104,990.2392586876723,1340299472,1173222463,1,1,1,1,14688
154,0.359680928208847,0.3299492385786802,0.32342277012327775,0.32342277012327775,137.51442801985655,134.21898445311678,139.6759152862049,143.06230308258148,762.5434241346297,623.4941535257233,881.4175475174972,985.6779347429388,1350332822,1173222463,1,1,1,1,14784
155,0.3255982596084119,0.32414793328498914,0.36983321247280637,0.3350253807106599,137.57972582759308,134.6842374491438,140.1699913846203,144.3402036544041,758.8536307163613,622.8805464566472,880.291033882578,980.7135131294019,677288004,1173222463,1,1,1,1,14880
156,0.32269760696156635,0.3263234227701233,0.36258158085569253,0.3604060913705584,137.89741643054222,134.65696449615183,140.09348383812073,144.43055737847763,763.8157538202041,623.7915736049965,881.3995190307986,985.844484023649,881037353,1173222463,1,1,1,1,14976
157,0.37128353879622916,0.32269760696156635,0.32124728063814356,0.37200870195794056,138.19486548577535,134.54521444398745,140.708857111571,143.92923847363093,770.4892036901365,623.898552744244,885.4092648232836,992.3280280813126,1554392824,1173222463,1,1,1,1,15072
158,0.32197244379985496,0.32704858593183467,0.3756345177664975,0.36475707034082666,137.84330001278818,134.50804476947638,140.39283506193297,144.1530256265655,763.0709960354769,625.3812942719712,881.6419375828272,988.3648022360477,1597493956,1173222463,1,1,1,1,15168
159,0.3299492385786802,0.36548223350253806,0.34082668600435095,0.3582306018854242,138.03395809969368,135.111396393534,140.57175307044977,144.77175048561645,766.8169020406837,625.4540753669012,885.0979581421357,991.3636141184761,987570153,1173222463,1,1,1,1,15264
160,0.36765772298767224,0.36765772298767224,0.3828861493836113,0.378535170413343,139.50984670384838,135.2030269432631,142.4218317555241,147.1261178589399,763.6304390243597,626.1302920578851,887.3104831025878,987.3914229373352,1004551877,1173222463,1,1,1,1,15360
161,0.36475707034082666,0.34227701232777374,0.36548223350253806,0.36693255982596085,139.47950860432334,135.25048777979765,143.7314983097875,147.7686018363017,766.3720611006083,627.5656916131528,885.5394209933601,990.4691002929633,1142768464,1173222463,1,1,1,1,15456
162,0.3321247280638144,0.3575054387237128,0.36185641769398114,0.33792603335750543,138.6529095836215,135.6564450409383,141.32491818558415,145.2482613590728,758.9613814949491,626.6126107465857,884.0729519568366,983.5429011333035,1398314261,1173222463,1,1,1,1,15552
163,0.36620739666424945,0.3756345177664975,0.39231327048585934,0.36838288614938364,139.22914142216905,135.27967902036016,142.2270280306959,147.12518112836193,766.3960564953361,625.6710475680509,887.242957029607,989.3572381622123,344957036,1173222463,1,1,1,1,15648
164,0.32342277012327775,0.32414793328498914,0.359680928208847,0.3589557650471356,137.1816907903412,135.00957146732955,139.88116517335254,142.93127062997291,768.2760956532686,625.0310633873952,883.5524670474183,990.1474154965853,303569692,1173222463,1,1,1,1,15744
165,0.3263234227701233,0.32414793328498914,0.36113125453226974,0.32414793328498914,137.49960949017796,134.87563838508672,140.36038859387176,142.58651972700025,764.8037470845212,623.6100464262593,882.1610148578712,987.7373818380477,1479415543,1173222463,1,1,1,1,15840
166,0.3640319071791153,0.3328498912255257,0.3770848440899202,0.4024655547498187,138.6588213548933,135.6337718233439,141.36912882645328,146.04286498468443,760.6483119934228,622.9304175586075,880.2458917319038,983.5124223695946,1606159299,1173222463,1,1,1,1,15936
167,0.3255982596084119,0.37200870195794056,0.31834662799129804,0.36765772298767224,138.5722883501679,135.10378127269672,142.4512187749374,146.55825539334856,760.1887844321213,622.524090788917,878.9637216239197,982.155691961764,1491110660,1173222463,1,1,1,1,16032
168,0.32414793328498914,0.32269760696156635,0.32269760696156635,0.3248730964467005,138.71957571999445,135.15976406506596,142.04077545797705,146.39673313826225,765.8427448418859,622.0137125929778,881.377136497377,987.3212698751048,1090621370,1173222463,1,1,1,1,16128
169,0.32414793328498914,0.32414793328498914,0.3553299492385787,0.32777374909354606,138.1759982738952,135.09961623535574,140.90684699095758,144.1296687739325,774.2776095936309,623.1237106031797,884.1389433031485,993.4616725653129,1551753371,1173222463,1,1,1,1,16224
170,0.3255982596084119,0.3255982596084119,0.32414793328498914,0.32342277012327775,137.00260357321545,134.5905618230737,139.7869216699547,142.34943439067106,761.8875309026631,623.541006249739,880.0441842277869,985.0122226820918,378476859,1173222463,1,1,1,1,16320
171,0.36113125453226974,0.3248730964467005,0.37055837563451777,0.36983321247280637,137.98608753080245,134.89047386779868,140.34844130233623,144.79728701234006,765.5347408652977,624.447451533516,882.3650995715667,988.3465559198526,1366773475,1173222463,1,1,1,1,16416
172,0.378535170413343,0.3770848440899202,0.32704858593183467,0.38723712835387963,139.0163361116934,134.998529900106,142.01807445582955,147.03866285619756,761.3859719614507,622.7777170850852,880.8868261570328,983.2455885144493,853225568,1173222463,1,1,1,1,16512
173,0.36548223350253806,0.36185641769398114,0.32414793328498914,0.3205221174764322,140.4968897358311,135.6726739581264,144.26060520625612,149.41696080878205,769.0509030926423,622.3722290512363,883.228216193576,988.4989015098324,1213835786,1173222463,1,1,1,1,16608
174,0.38578680203045684,0.37200870195794056,0.4010152284263959,0.36113125453226974,139.21539091617868,134.79511874060924,143.24943244027577,151.30150838520993,758.4308794262854,621.813122578842,879.3747509189833,981.0919025829521,1194304569,1173222463,1,1,1,1,16704
175,0.3843364757070341,0.38578680203045684,0.378535170413343,0.4031907179115301,140.86576516391224,134.89451949006846,145.17654130924365,150.0686159036309,760.9873107219651,622.860372064082,880.3207777423561,983.5893296676563,1506514049,1173222463,1,1,1,1,16800
176,0.3401015228426396,0.32269760696156635,0.3582306018854242,0.3263234227701233,137.650165456997,134.22555902988069,139.669821437806,143.64185852053552,765.4210157469205,622.8288836749184,880.537873681372,985.1485243261819,48325958,1173222463,1,1,1,1,16896
177,0.37055837563451777,0.37200870195794056,0.3727338651196519,0.3792603335750544,137.90550998664355,134.58009852448188,141.63014793009918,145.22099217916326,766.4130153329003,623.835761148635,881.6701465687136,987.4236212832476,1484174460,1173222463,1,1,1,1,16992
178,0.39593908629441626,0.378535170413343,0.3821609862218999,0.4002900652646846,141.4233874938736,135.2468838243127,143.9319235843225,151.23841633325176,753.2760520214291,623.7534891662792,880.3992899764288,977.413534030901,1945339871,1173222463,1,1,1,1,17088
179,0.38578680203045684,0.4017403915881073,0.3770848440899202,0.38071065989847713,140.55439138230338,135.61972643708,144.19848329652365,150.14000044497496,758.4544016262637,623.9863988030789,881.7750113039239,982.872578746517,1055517893,1173222463,1,1,1,1,17184
180,0.3292240754169688,0.3263234227701233,0.3248730964467005,0.3205221174764322,138.61553838285562,135.08187013072032,140.34589853093746,144.49263913595263,768.6824578293691,624.1967877468644,882.1976503551359,990.4267958505698,1165931126,1173222463,1,1,1,1,17280
181,0.3560551124002901,0.32777374909354606,0.32849891225525746,0.32414793328498914,138.28571660620725,134.52917008509263,139.98113588044842,142.71788282576196,766.2237088593916,621.9422384895757,880.6325066207188,986.8993706627692,608739541,1173222463,1,1,1,1,17376
182,0.32704858593183467,0.3335750543872371,0.32414793328498914,0.3197969543147208,137.25306648190727,134.11436030392642,139.72905595431456,142.80298518121361,770.8571332831876,620.3763699665477,879.4258194167775,990.4493330374589,642028244,1173222463,1,1,1,1,17472
183,0.3843364757070341,0.38143582306018853,0.3763596809282089,0.4010152284263959,140.0624944547821,135.03872876307744,143.88663357782332,149.10532631106483,765.8668698286647,620.4297595846208,876.9801292555992,985.5384153096458,1048955291,1173222463,1,1,1,1,17568
184,0.3741841914430747,0.3843364757070341,0.40899202320522116,0.3727338651196519,139.34734288230638,135.4759305281043,142.45238495915,147.94807985862786,762.5366692688922,619.1700629211005,875.4341197608705,982.2165189715753,1384759846,1173222463,1,1,1,1,17664
185,0.3255982596084119,0.3299492385786802,0.36620739666424945,0.3357505438723713,137.1935994684671,134.6922294285582,140.18448455485628,142.8221066681858,768.3483214853633,619.6806449998853,878.7760578856744,987.9287122975721,574795284,1173222463,1,1,1,1,17760
186,0.32777374909354606,0.32414793328498914,0.3248730964467005,0.3154459753444525,136.60853122221954,134.87983117823654,139.15153944501012,141.15702536682605,760.6995130590285,622.2715953765202,879.795106898877,982.4199846991345,46957436,1173222463,1,1,1,1,17856
187,0.3255982596084119,0.3248730964467005,0.32269760696156635,0.32269760696156635,137.5629365438954,135.45456849929303,140.11716651505742,142.28652546572647,758.6661463916255,623.7508795315915,881.720363588325,981.7964192781214,1394471145,1173222463,1,1,1,1,17952
188,0.3393763596809282,0.3321247280638144,0.3799854967367658,0.32704858593183467,138.36502208624282,135.13930710806537,141.24977853998155,143.7316407129011,761.2678247853455,625.4897615433681,883.9739484412653,984.3033258544292,373017912,1173222463,1,1,1,1,18048
189,0.36185641769398114,0.32777374909354606,0.3734590282813633,0.3756345177664975,139.30701572504873,135.4853505282016,142.10972012040756,146.13440908780714,770.2863595726105,625.6972141454556,886.2714925506526,992.9047631539581,1474538152,1173222463,1,1,1,1,18144
190,0.37128353879622916,0.3299492385786802,0.3734590282813633,0.37128353879622916,138.59453801302539,135.55275146016544,141.57892135281597,145.9713711544748,764.8646494117743,627.1456364053137,884.5702812230725,988.5278136138553,1293202107,1173222463,1,1,1,1,18240
191,0.32414793328498914,0.359680928208847,0.32414793328498914,0.36983321247280637,138.25859243702865,135.58499845536934,141.20199416687035,143.58982306757252,769.0188003942695,625.6158947779127,886.3855145702934,991.6991248479555,1811858877,1173222463,1,1,1,1,18336
192,0.3292240754169688,0.3335750543872371,0.3589557650471356,0.32849891225525746,139.4985434223297,136.02489927714726,141.54106730940788,144.75681876603716,767.3578606109894,625.8737301401735,883.4986914243179,990.5463515373059,283588504,1173222463,1,1,1,1,18432
193,0.3306744017403916,0.3248730964467005,0.369108049311095,0.36620739666424945,139.2384445339457,136.39361804681116,142.3880137938892,145.55944616623543,763.6188957978947,624.2503802340068,882.12660259361,987.0215648642559,524305665,1173222463,1,1,1,1,18528
194,0.3582306018854242,0.3248730964467005,0.32704858593183467,0.3575054387237128,138.79641424513073,135.7955517900892,141.1353656798277,144.48471407173852,755.0895297824484,622.5356717589575,879.9952830466987,978.247679806017,2083373197,1173222463,1,1,1,1,18624
195,0.3604060913705584,0.36548223350253806,0.36983321247280637,0.36475707034082666,139.64330128819418,135.77087439829714,143.05880356796328,147.49078707547827,752.120982225024,622.2393243007991,878.1047110932869,976.8364882016601,47924788,1173222463,1,1,1,1,18720
196,0.38071065989847713,0.3756345177664975,0.3770848440899202,0.35242929659173317,141.08479871113028,135.74644457427402,144.69780397354444,155.08568210778836,763.2143178257484,621.6188527978587,880.0487490308872,983.8895078454673,1953470268,1173222463,1,1,1,1,18816
197,0.37200870195794056,0.39013778100072516,0.3248730964467005,0.37200870195794056,140.51947769687172,135.2338932669244,143.1221377261069,149.62787274442837,770.8170690037808,621.5078707761498,880.0522827857536,988.8049677969061,102169292,1173222463,1,1,1,1,18912
198,0.38723712835387963,0.36765772298767224,0.38796229151559103,0.369108049311095,139.25035405598305,134.54743930866965,142.18129339379587,147.0348484978342,762.2453773340396,620.6780144642732,879.5274853173136,983.1214211227765,845582453,1173222463,1,1,1,1,19008
199,0.32414793328498914,0.359680928208847,0.378535170413343,0.3306744017403916,137.83721208740246,135.0735232038456,140.4824444333902,145.90167552636143,760.0269352021138,621.4625538240149,875.4954543988439,981.732583727127,449336650,1173222463,1,1,1,1,19104
200,0.36113125453226974,0.3988397389412618,0.3589557650471356,0.3995649021029732,142.45434632113466,135.77557366862916,146.36693378344089,153.78580057551432,767.2926559961086,619.9995665906725,877.3057899446889,985.3342992428188,297774710,1173222463,1,1,1,1,19200
201,0.3770848440899202,0.3770848440899202,0.37200870195794056,0.34372733865119653,140.32435620155115,135.28425121603448,142.89168483151568,151.27485126294206,762.9616147169427,620.0962768956744,877.7630885962293,983.7896351783482,2066604145,1173222463,1,1,1,1,19296
202,0.3778100072516316,0.37200870195794056,0.3930384336475707,0.3778100072516316,140.10393598364914,135.07551304019668,143.43392461664374,149.20082287608923,769.9679451321812,620.6768825467373,878.4475000240384,988.4229631536168,2034850370,1173222463,1,1,1,1,19392
203,0.359680928208847,0.36258158085569253,0.3560551124002901,0.3633067440174039,139.47045169649516,135.24166324595845,142.93420006576517,148.34646892759923,764.7826402270823,619.9387525976152,877.876586743797,985.7873090075551,1395479232,1173222463,1,1,1,1,19488
204,0.3821609862218999,0.37200870195794056,0.3749093546047861,0.39593908629441626,139.0051749380284,135.09283204855066,140.9949299632472,145.55413800253132,768.2917481916686,621.1702173684516,877.6214241199588,987.5602626929316,1091468787,1173222463,1,1,1,1,19584
205,0.32414793328498914,0.36185641769398114,0.3727338651196519,0.3546047860768673,137.13885866121214,134.667394925515,140.34933880961654,142.65745093277252,762.9190132476793,620.1002242469161,876.3516582256021,983.217336883987,766479421,1173222463,1,1,1,1,19680
206,0.3248730964467005,0.32414793328498914,0.36765772298767224,0.3633067440174039,136.73059164572868,134.19517784846542,139.6361462991942,141.8183968157777,756.2768113692015,619.3764789745957,875.5905790116947,976.6878529884935,1439047529,1173222463,1,1,1,1,19776
207,0.3248730964467005,0.3306744017403916,0.36185641769398114,0.3589557650471356,137.61013647396305,133.9764251894499,139.86156139118256,144.1253137986736,770.4941872292791,619.8641793029333,877.2689719177774,988.7783480947259,1215915916,1173222463,1,1,1,1,19872
208,0.3306744017403916,0.3263234227701233,0.3364757070340827,0.3335750543872371,136.56934763741125,134.09481985904333,139.28498359741826,141.1189459529969,768.4520563292423,620.5856919507244,877.9965271840667,987.2809668054341,1144249753,1173222463,1,1,1,1,19968
209,0.3538796229151559,0.36475707034082666,0.32414793328498914,0.36620739666424945,137.65292449443277,134.89740298978586,140.0139646960128,143.5213752844023,763.8032296128118,620.125738265978,876.2315103810565,984.2606997947632,1064516503,1173222463,1,1,1,1,20064
210,0.32704858593183467,0.32704858593183467,0.32414793328498914,0.32342277012327775,137.4627855230572,134.71117218668732,140.41419701618622,144.39223386096015,762.2736105565785,621.3076473396628,876.5815778856896,982.7795835575496,593636115,1173222463,1,1,1,1,20160
211,0.3263234227701233,0.36475707034082666,0.32849891225525746,0.32704858593183467,137.76700573843843,134.91606285164988,140.19955838122172,144.38690235805552,767.430293378574,620.7460427036376,877.3305221423178,985.0468417947849,825598395,1173222463,1,1,1,1,20256
212,0.32777374909354606,0.331399564902103,0.3299492385786802,0.3306744017403916,137.27911270999851,134.91784099061323,140.37993353825803,143.05729695696022,759.2311014676931,621.1873202431011,876.2635910384739,980.774684338476,597856849,1173222463,1,1,1,1,20352
213,0.32414793328498914,0.32124728063814356,0.3589557650471356,0.32414793328498914,137.327546725295,134.4703563112532,139.79622707578628,142.82036697582768,759.608228405382,620.1146288840223,875.1196307476513,981.1355578604658,345954052,1173222463,1,1,1,1,20448
214,0.32342277012327775,0.32124728063814356,0.32849891225525746,0.3633067440174039,136.88119298920176,133.99416845285356,139.38400710528256,142.02786655964252,762.272524256248,618.7239135902887,875.3143871235773,982.9490393763645,892621450,1173222463,1,1,1,1,20544
215,0.3263234227701233,0.32414793328498914,0.3749093546047861,0.3248730964467005,137.45569719029552,134.56242284058115,139.68262303388474,142.24811585292323,762.128452658485,619.7960258922465,878.1652583993837,982.124356234376,1666190731,1173222463,1,1,1,1,20640
216,0.3560551124002901,0.32777374909354606,0.3292240754169688,0.3328498912255257,137.6160384615543,134.60415531634342,140.27524671725578,142.2272775073782,757.8718838117505,623.1687318842096,879.4241862294821,981.839121526692,538721816,1173222463,1,1,1,1,20736
217,0.3292240754169688,0.32777374909354606,0.3263234227701233,0.3161711385061639,137.7138088558382,134.58973784947796,139.716747759181,143.02870028499981,761.8886883921915,623.9128140314828,880.6318113605964,985.1990018592728,714925661,1173222463,1,1,1,1,20832
218,0.36693255982596085,0.331399564902103,0.3582306018854242,0.3727338651196519,138.48979225100382,135.13540663967055,140.55769297819654,143.9153023280151,764.8649068915975,624.9098595302426,882.7526078477393,986.9935074415924,1094144441,1173222463,1,1,1,1,20928
219,0.369108049311095,0.3633067440174039,0.3589557650471356,0.3734590282813633,139.7898748245051,136.26887628476896,143.04793049503837,148.36188944215746,764.6745910300191,625.819938127377,883.5067076285086,987.7791314634435,535061250,1173222463,1,1,1,1,21024
220,0.32849891225525746,0.3263234227701233,0.32849891225525746,0.3197969543147208,139.12637630041422,135.7748300474038,142.06077874435726,145.58619161653357,757.3231651194662,624.558088081372,882.9339179680509,981.6876744489181,611017509,1173222463,1,1,1,1,21120
221,0.3263234227701233,0.3640319071791153,0.3756345177664975,0.3792603335750544,139.68465879713008,136.22830255581422,142.30234205082294,146.43661353531652,763.9966882880676,623.5388877930758,883.3858240529181,986.5651295851146,1203413172,1173222463,1,1,1,1,21216
222,0.3263234227701233,0.32414793328498914,0.36258158085569253,0.3633067440174039,139.58127821489282,136.31727145524675,142.57783763665282,146.70741659911639,757.1080226902207,625.1352164522566,879.8925676571761,981.4351459360016,1139059303,1173222463,1,1,1,1,21312
223,0.3335750543872371,0.32269760696156635,0.3393763596809282,0.359680928208847,137.84771035597643,135.92058831339094,141.3012186114262,144.9768536685644,761.8992963884112,623.8550088727935,881.2408938542587,984.1577079234523,1018356115,1173222463,1,1,1,1,21408
224,0.3263234227701233,0.3567802755620014,0.3292240754169688,0.369108049311095,140.39225677839056,135.24537073823285,142.15478721073183,147.94341954930022,768.0327921222845,623.1786018747589,880.1161264297629,989.2621312823603,409378363,1173222463,1,1,1,1,21504
225,0.32849891225525746,0.36765772298767224,0.3306744017403916,0.37055837563451777,138.561289024941,134.96950102024076,141.8390748198789,146.72988239358784,767.3111235450104,623.4210611653886,882.6583455922798,988.47290342567,1993459871,1173222463,1,1,1,1,21600
226,0.3567802755620014,0.3299492385786802,0.3582306018854242,0.32777374909354606,138.01758261930382,134.83267429302768,140.57848311384288,145.38353440114966,757.8690090315577,623.5745529995982,880.7168784344408,981.8004927729615,490112119,1173222463,1,1,1,1,21696
227,0.3792603335750544,0.3582306018854242,0.350253807106599,0.40899202320522116,141.43302827201398,135.9008609635985,144.1473795163362,149.6941434494354,760.3272410548858,623.941602375889,880.7785841709442,983.1151438669665,2114496165,1173222463,1,1,1,1,21792
228,0.3335750543872371,0.3633067440174039,0.3640319071791153,0.34807831762146485,139.04796266477052,135.24791150997612,142.17496551963083,146.65073200367917,759.5560403883934,623.3656642152092,881.6348836236247,982.2620815739413,1533813586,1173222463,1,1,1,1,21888
229,0.444525018129079,0.43437273386511965,0.41551849166062366,0.4408992023205221,141.08511259728292,136.16569466717453,145.10175294408953,152.25845139623092,761.9022173656294,623.9956377890272,884.531464114368,985.0401530006636,839698735,1173222463,1,1,1,1,21984
230,0.3248730964467005,0.4010152284263959,0.3553299492385787,0.3763596809282089,141.1151724643942,135.70788674382442,144.60184526114816,151.09524467452596,761.1812281380392,623.6920687584969,883.0734900310823,982.0633210873776,1311682643,1173222463,1,1,1,1,22080
231,0.3937635968092821,0.3763596809282089,0.39231327048585934,0.38143582306018853,139.49089715796202,135.30462236016058,142.90602789722578,147.83365065387596,763.0468601839085,623.7080494343842,884.7220943684862,985.4521068078063,1661378943,1173222463,1,1,1,1,22176
232,0.3821609862218999,0.3778100072516316,0.36548223350253806,0.38506163886874545,140.73611748602727,135.67233519418235,143.09529844066498,151.1857784566555,772.514417022888,622.9973240400601,883.3511215018285,993.1735605275411,1865960703,1173222463,1,1,1,1,22272
233,0.369108049311095,0.36765772298767224,0.38143582306018853,0.3770848440899202,140.72912113387432,135.15182736275494,143.1642157026489,148.9062825327077,763.3980391440625,623.6421409301323,883.080949263838,985.2033547901868,1493384407,1173222463,1,1,1,1,22368
234,0.36258158085569253,0.36548223350253806,0.36548223350253806,0.36693255982596085,139.25489761608102,134.95460600922652,141.83336537787164,146.6495382248613,771.614694620291,623.6066002981711,882.9315984241709,991.9187778112203,951350272,1173222463,1,1,1,1,22464
235,0.3582306018854242,0.38506163886874545,0.36765772298767224,0.38143582306018853,141.4031432500178,135.37040166988464,144.59020132467887,149.75015590542722,762.085151424765,623.6535420524921,882.6588270339009,984.3750566909915,988119322,1173222463,1,1,1,1,22560
236,0.36838288614938364,0.3292240754169688,0.36765772298767224,0.3640319071791153,138.6447436260748,134.31285064177763,141.78054320939873,145.22322929316198,766.058760409944,624.5440973511608,882.8571598495521,988.2491321695525,1294962556,1173222463,1,1,1,1,22656
237,0.36258158085569253,0.32414793328498914,0.3604060913705584,0.32414793328498914,136.95869033155756,134.1270999234161,138.7596845329455,142.31787409428023,767.2529622677926,623.2538886425745,882.644309646307,988.299636066509,482578640,1173222463,1,1,1,1,22752
238,0.3292240754169688,0.38506163886874545,0.3328498912255257,0.3763596809282089,138.2846953764983,134.46016753707258,141.36181723668545,146.03657106056906,762.5680690493039,622.0747340511186,881.5294290046811,984.0756985165402,2108837904,1173222463,1,1,1,1,22848
239,0.38651196519216824,0.3756345177664975,0.4002900652646846,0.3350253807106599,139.26903548389558,134.83612147991767,142.85373968633806,148.90273151566035,760.4056797658169,623.5879173897702,878.9342966345386,982.3031534731858,503684117,1173222463,1,1,1,1,22944
240,0.32849891225525746,0.3799854967367658,0.3110949963741842,0.32414793328498914,138.714133122228,134.69184733545603,142.58815988068116,149.39982607191365,763.4105486738285,622.7045633467104,882.0210240589206,984.25386832052,1313103076,1173222463,1,1,1,1,23040
241,0.3589557650471356,0.3255982596084119,0.3350253807106599,0.3567802755620014,136.79152553109603,134.28601773882338,139.85670153479222,142.0278063688725,761.0381747580732,624.5234490994159,880.617290519071,985.5038433978443,505884417,1173222463,1,1,1,1,23136
242,0.32342277012327775,0.3321247280638144,0.3328498912255257,0.36983321247280637,137.52641916306348,134.74812488311247,140.65940964863054,143.03347953929395,764.4523519865338,624.80482565071,884.0620046745506,986.0135117296963,172958322,1173222463,1,1,1,1,23232
243,0.3763596809282089,0.36693255982596085,0.37128353879622916,0.38651196519216824,141.2004533788287,135.70412498779885,144.16774364407803,151.90380576975852,763.4872998758999,624.7426804587243,883.2291888966604,986.8340705251517,1153589457,1173222463,1,1,1,1,23328
244,0.36693255982596085,0.3328498912255257,0.3538796229151559,0.3350253807106599,140.1224856896809,135.68629506026156,144.12224011034561,149.39956743387472,763.1229016563047,625.4411720478114,884.4568806023472,987.0578375398983,1395704830,1173222463,1,1,1,1,23424
245,0.36620739666424945,0.3589557650471356,0.3582306018854242,0.38143582306018853,138.11819309624383,135.4050150550364,141.77331279446875,144.44623227523726,769.144625344896,625.0889970013731,884.0917001290431,989.7893033235255,1981091242,1173222463,1,1,1,1,23520
246,0.3263234227701233,0.32849891225525746,0.3299492385786802,0.32414793328498914,137.42261267351185,134.7326153702384,139.38046122876293,142.91182800774385,761.1025722688643,625.6828029340692,883.040974408905,984.8324570088448,2114858520,1173222463,1,1,1,1,23616
247,0.32777374909354606,0.31907179115300943,0.32849891225525746,0.3197969543147208,136.69144138573515,134.08427106227956,139.84650491221737,142.7888695372244,765.4694258209339,623.6585831714585,881.1165887604662,987.5015570158394,1112538227,1173222463,1,1,1,1,23712
248,0.32342277012327775,0.32342277012327775,0.37055837563451777,0.3575054387237128,136.60794495778418,134.26017759830813,139.6525232166635,143.352518763243,757.2526707625182,623.920061572862,879.9032254310795,981.9245214063417,756391680,1173222463,1,1,1,1,23808
249,0.36475707034082666,0.3321247280638144,0.35170413343002177,0.31834662799129804,137.53965090816652,134.42218703416594,140.39340550931274,143.5158456448965,767.7242930159797,623.072987876137,883.1451396611722,988.5983691323698,1031513291,1173222463,1,1,1,1,23904
250,0.32414793328498914,0.32414793328498914,0.3727338651196519,0.3763596809282089,136.60816295198137,133.98551863832097,139.56358498140705,142.05061334958083,758.7212518452372,623.8576368758266,881.458536383661,981.7315249171451,1820327525,1173222463,1,1,1,1,24000
251,0.3567802755620014,0.3321247280638144,0.32414793328498914,0.3299492385786802,136.60872059941477,134.90993495783246,139.66570746684437,141.88609099484884,766.7221484125021,624.801802163332,883.5148047396116,988.8588164172822,51143358,1173222463,1,1,1,1,24096
252,0.32414793328498914,0.32342277012327775,0.36620739666424945,0.3147208121827411,139.30906374422887,135.79395247323285,142.27693641405668,147.48370937117602,764.1585149488496,625.4862129706949,883.4568182875482,988.0299784006759,678511078,1173222463,1,1,1,1,24192
253,0.41406816533720087,0.3836113125453227,0.4205946337926033,0.39593908629441626,141.70864729618134,136.46274367585292,145.36814772774767,152.78612971939177,766.0828327793245,625.8635100545396,884.5815721768778,989.0984999835149,1029085636,1173222463,1,1,1,1,24288
254,0.37200870195794056,0.36983321247280637,0.38071065989847713,0.38578680203045684,139.86450132151376,136.0763135855541,142.92213779723653,148.27104554632967,766.2851990276821,625.8180344844174,885.6968092169772,988.4007008581146,821127185,1173222463,1,1,1,1,24384
255,0.41479332849891226,0.39231327048585934,0.4271211022480058,0.4010152284263959,144.455775913826,137.1594758643901,146.15968456256675,156.31264197061063,763.5660007566543,626.9972853570711,886.3938029448092,987.503984618005,1480618213,1173222463,1,1,1,1,24480
256,0.36765772298767224,0.43944887599709936,0.39013778100072516,0.37128353879622916,144.291303608656,136.65015496151798,151.52295473318594,154.6598570454384,761.5827212430275,627.2823870939242,884.516783958653,987.6953184516822,235234295,1173222463,1,1,1,1,24576
257,0.3799854967367658,0.4010152284263959,0.36693255982596085,0.36693255982596085,143.84554460124687,136.8869824264387,147.73411352081425,153.03984065615313,760.8994766402762,625.6868728681156,887.4385705847935,985.399544430132,663461038,1173222463,1,1,1,1,24672
258,0.37128353879622916,0.3604060913705584,0.3836113125453227,0.3255982596084119,142.60955199064463,136.3295831888986,146.2027300176263,155.27098829836163,767.3355451239146,625.7917404363784,886.542161498955,989.8389534970225,1325803342,1173222463,1,1,1,1,24768
259,0.369108049311095,0.43872371283538797,0.4249456127628716,0.40536620739666424,147.2767475227822,136.6539017335615,148.50445623534253,152.97198373364085,763.7181371293,626.0393260914651,886.018672905312,987.9289802807322,1786235971,1173222463,1,1,1,1,24864
260,0.36185641769398114,0.4031907179115301,0.3263234227701233,0.3560551124002901,141.2669096376541,136.29756648074263,144.69633568959173,152.31873038952048,767.8886140531849,625.483452660979,887.0068263652064,991.402210136569,2058187566,1173222463,1,1,1,1,24960
261,0.34227701232777374,0.32777374909354606,0.37128353879622916,0.3488034807831762,138.40126087748058,134.88288908365823,141.90992023785074,145.8541867463764,761.4498438895567,626.1145339806894,885.991281926027,985.0433909790422,32533917,1173222463,1,1,1,1,25056
262,0.32269760696156635,0.3263234227701233,0.32342277012327775,0.3364757070340827,138.22106948409382,135.04253024684417,142.08209874704946,145.6603051898761,771.766435397287,625.4504579293091,884.8391202426909,994.3464875890049,330367205,1173222463,1,1,1,1,25152
263,0.378535170413343,0.4075416968817984,0.4010152284263959,0.36693255982596085,143.4602440425005,135.9149105640362,145.41825862308363,154.01237647506238,763.8805374653846,624.7476396463933,882.4492832500598,987.106177557211,332789861,1173222463,1,1,1,1,25248
264,0.4082668600435098,0.40609137055837563,0.4024655547498187,0.3995649021029732,141.206694505698,135.73555278292406,143.23593902492388,152.11908351492798,757.8114619615197,625.9974137026442,882.0157952059004,984.0596064667103,2107500852,1173222463,1,1,1,1,25344
265,0.3727338651196519,0.37200870195794056,0.32414793328498914,0.3263234227701233,140.58704475531957,135.10627272195515,143.05080098178095,148.33837053827875,769.4587825542905,624.9278032648409,885.4089208148648,990.3001437851731,548824639,1173222463,1,1,1,1,25440
266,0.3197969543147208,0.3582306018854242,0.37200870195794056,0.3640319071791153,139.0960622088563,134.938488309965,141.42425114651482,146.08217504236976,764.5886108538535,625.8046149084378,884.7895510249846,988.3143234827153,1687237582,1173222463,1,1,1,1,25536
267,0.32414793328498914,0.36620739666424945,0.32777374909354606,0.32414793328498914,139.28960363114396,135.57529129120837,142.98680407150553,146.06439460303957,764.4139189151894,627.0128569955336,885.232202249719,988.8494053473087,1837334672,1173222463,1,1,1,1,25632
268,0.3763596809282089,0.3546047860768673,0.38868745467730237,0.34517766497461927,141.21741837679662,135.8786276884758,143.77961768705504,156.46895061616215,763.524600598314,626.6712071889041,887.1438775646336,987.9347121725709,210748721,1173222463,1,1,1,1,25728
269,0.3321247280638144,0.3205221174764322,0.3560551124002901,0.34082668600435095,141.24301974426376,136.38914237849602,145.01525418941588,151.89730213802466,755.7475669757297,626.1338511174491,886.2796358332032,980.7236351733719,1636442995,1173222463,1,1,1,1,25824
270,0.359680928208847,0.36838288614938364,0.36185641769398114,0.3538796229151559,141.11121281825024,135.86695418672076,145.15684114032382,153.9023574848389,760.7563675541181,626.5480429134699,884.9547417535808,986.0192352061061,105481784,1173222463,1,1,1,1,25920
271,0.3567802755620014,0.3821609862218999,0.32414793328498914,0.32414793328498914,141.4245671799282,135.72591022283166,145.30129950020918,153.84982533160036,771.1604469452514,626.6832059213228,887.3476291285097,993.5610533054974,209161576,1173222463,1,1,1,1,26016
272,0.3553299492385787,0.34082668600435095,0.3263234227701233,0.3589557650471356,141.3200535079226,136.06831718921572,145.34943285578873,148.54905209117615,768.5783834309858,626.5472813857615,888.1492267420628,991.6064398973284,845065824,1173222463,1,1,1,1,26112
273,0.3763596809282089,0.3727338651196519,0.3836113125453227,0.39231327048585934,140.05750757539707,135.63114387136207,144.33470265648955,149.2286061069353,766.0326252504042,627.2105743499767,886.8853933217471,991.4477433824771,40737032,1173222463,1,1,1,1,26208
274,0.378535170413343,0.3741841914430747,0.38868745467730237,0.38796229151559103,140.26702375239725,135.9466209044837,144.05885343374686,148.12804298137704,774.4930758005057,626.024577298192,889.4212698947811,994.9081262066017,1496516821,1173222463,1,1,1,1,26304
275,0.38941261783901376,0.3836113125453227,0.36693255982596085,0.32414793328498914,142.02547142043397,136.42578115865328,145.31433266889485,152.13481021716075,767.241024070566,626.3416958957251,887.2064101975644,990.0534880494307,1809317048,1173222463,1,1,1,1,26400
276,0.378535170413343,0.39086294416243655,0.3749093546047861,0.3937635968092821,140.74974492089336,136.796168347255,145.35417579614554,151.17079123888198,758.188676617436,626.4452449539264,886.260425605685,984.3876639662833,1733246965,1173222463,1,1,1,1,26496
277,0.3763596809282089,0.3727338651196519,0.3640319071791153,0.36475707034082666,141.18222207296256,136.3410861803777,144.29595038718793,150.0313251476567,773.5773915665757,625.623944414037,887.957969739451,995.1940245197416,1343379361,1173222463,1,1,1,1,26592
278,0.38578680203045684,0.3778100072516316,0.37200870195794056,0.39521392313270487,140.82881470986996,136.63706114926526,143.47631825516154,150.11013041535654,764.9730663774774,627.2911303753416,888.1829431575176,990.210615179021,178480966,1173222463,1,1,1,1,26688
279,0.38796229151559103,0.3799854967367658,0.38578680203045684,0.406816533720087,139.01850021323463,135.93303916619976,143.84198339804502,147.87911199075904,756.7497869047321,627.507945608052,886.1305566332805,983.0854883980363,1865256966,1173222463,1,1,1,1,26784
280,0.3343002175489485,0.3633067440174039,0.3799854967367658,0.34227701232777374,139.1207399007984,135.42995253002252,143.88479576622433,149.81422461933843,766.1420427624844,626.835245487851,887.1783596636859,990.2292153505866,698562946,1173222463,1,1,1,1,26880
281,0.3821609862218999,0.3828861493836113,0.36258158085569253,0.36548223350253806,139.35816905209495,135.26723334711807,142.7928004326183,148.3854590673408,763.2757405397655,626.7048879208967,885.2174868544071,987.4818946943559,1336990080,1173222463,1,1,1,1,26976
282,0.3749093546047861,0.38868745467730237,0.3930384336475707,0.39521392313270487,139.93184749681632,135.38536725030423,142.67187940216576,148.17587804531854,770.9396368575824,626.3621155611639,888.957785469009,993.3047058159043,674492567,1173222463,1,1,1,1,27072
283,0.36475707034082666,0.34155184916606235,0.3589557650471356,0.37200870195794056,139.03246395582784,135.28682931901233,142.3088724327052,148.20349194764077,758.427457450282,625.6031154926649,884.4248553209185,983.8888330512934,489456460,1173222463,1,1,1,1,27168
284,0.39231327048585934,0.38506163886874545,0.3292240754169688,0.3792603335750544,146.67233812535758,136.36890606118382,146.44917084106834,155.6146321837928,754.4901577373175,625.9905012464604,883.5213649918688,980.0652700454664,377348352,1173222463,1,1,1,1,27264
285,0.3321247280638144,0.32414793328498914,0.35242929659173317,0.33720087019579403,140.8543130268647,136.2182543899527,143.6585286742694,150.07788845238974,768.3562101137064,626.5319825420172,886.5118753862694,992.6132470191532,1886489284,1173222463,1,1,1,1,27360
286,0.36693255982596085,0.37055837563451777,0.3756345177664975,0.3248730964467005,139.47178621428364,134.94533465261026,142.5924090809925,149.4936295938816,764.4013966416742,626.0080662413858,884.996822803529,987.1258797221662,2042686562,1173222463,1,1,1,1,27456
287,0.3335750543872371,0.36983321247280637,0.37055837563451777,0.36838288614938364,138.70758953643315,134.5739823597921,141.46849631554207,146.4572010513368,770.3507583179397,626.2848998308982,887.4313973266469,992.5816729543784,1659113865,1173222463,1,1,1,1,27552
288,0.331399564902103,0.331399564902103,0.3778100072516316,0.3553299492385787,137.89150553803103,134.48912609586586,140.95590253987564,144.9151514808376,761.7600876320311,627.0259466914962,885.2091325130225,986.1056586436702,1008808021,1173222463,1,1,1,1,27648
289,0.3248730964467005,0.36693255982596085,0.2915155910079768,0.3248730964467005,139.8105957211995,135.0000140156058,143.61933595878457,148.8874050529151,757.597570194125,626.664215598717,885.2822719201116,982.8574447126998,1704816042,1173222463,1,1,1,1,27744
290,0.39158810732414795,0.3727338651196519,0.3988397389412618,0.4024655547498187,140.42312717325817,135.41971305444517,143.61450899468943,151.7788304017415,760.8278821445871,626.1844710051117,886.4095007180927,984.8090793457474,1055555588,1173222463,1,1,1,1,27840
291,0.32414793328498914,0.38723712835387963,0.378535170413343,0.3937635968092821,141.54340571774446,136.19949202831063,145.3534504347127,150.7251246378719,759.6116992809376,626.1822490910972,886.4775491554777,984.7403774734859,189039868,1173222463,1,1,1,1,27936
292,0.38071065989847713,0.32777374909354606,0.3734590282813633,0.39231327048585934,141.11150505796184,136.67580984188209,144.29468376265643,150.7063572763907,763.5547738267459,625.7852837684193,885.4895309646053,988.3238179648265,582487504,1173222463,1,1,1,1,28032
293,0.37128353879622916,0.36838288614938364,0.3988397389412618,0.3604060913705584,140.62648798580537,136.29860108300383,142.77215949094304,150.57685873215937,767.3601199056644,626.6646054196844,887.4121734953344,991.6841907224009,760520340,1173222463,1,1,1,1,28128
294,0.378535170413343,0.369108049311095,0.3828861493836113,0.3741841914430747,139.10789054586274,135.55567032288477,142.64610929745413,146.19845600986648,764.2929685420078,626.5071403348043,884.813809382851,988.409668097469,1605183473,1173222463,1,1,1,1,28224
295,0.3335750543872371,0.32197244379985496,0.3763596809282089,0.34517766497461927,141.0120625015213,135.88343514978763,143.42125484423218,150.5383878439883,764.7201844051106,625.3122942163142,884.3229122680796,987.7473206996916,1192563673,1173222463,1,1,1,1,28320
296,0.3821609862218999,0.38143582306018853,0.3263234227701233,0.32704858593183467,141.09950060912553,136.06966383796367,145.50075524571432,151.95544043329718,762.5334000104186,625.5304814910488,884.1251435988659,986.065688630625,2003417120,1173222463,1,1,1,1,28416
297,0.41334300217548947,0.4010152284263959,0.397389412617839,0.40899202320522116,141.98909981570725,135.9730571585502,144.10934782119458,152.3213310413791,764.8814042956725,626.2489417740776,885.8794959715657,988.474924930522,1181225792,1173222463,1,1,1,1,28512
298,0.378535170413343,0.36765772298767224,0.3828861493836113,0.36620739666424945,141.68307739454974,136.7852903982214,145.63118421951833,153.55735084537815,762.5854585107495,627.1340620321545,885.2082070600275,987.7360035780317,1447654725,1173222463,1,1,1,1,28608
299,0.32414793328498914,0.32197244379985496,0.3553299492385787,0.3756345177664975,140.28995206758165,135.75558248388873,143.90801971191985,148.48261184031554,754.3744706667278,626.7932363383491,884.7349880484047,980.9196546982962,1402748765,1173222463,1,1,1,1,28704
300,0.4031907179115301,0.3727338651196519,0.3734590282813633,0.39013778100072516,139.82329695726932,135.02820515209874,143.15271352767817,147.96140488356733,758.1411279241391,625.9408619924295,886.2455694022622,983.0951717026556,1921120957,1173222463,1,1,1,1,28800
301,0.32849891225525746,0.36838288614938364,0.37128353879622916,0.3821609862218999,139.44249530602198,135.54866707481278,142.27534227264073,148.15728909333396,763.7295944979026,627.3525628685933,887.3374275838839,988.7768291881562,1221707562,1173222463,1,1,1,1,28896
302,0.36838288614938364,0.359680928208847,0.3763596809282089,0.3741841914430747,138.27830150065736,134.93224935458005,142.45924690574563,146.5155027986336,758.2921313823431,627.1679181889502,886.3100614030251,984.3467595724466,603148313,1173222463,1,1,1,1,28992
303,0.36838288614938364,0.3546047860768673,0.41189267585206674,0.3756345177664975,139.03840211361654,135.20649822951074,142.60075537739147,147.80565466653573,761.7214043351801,626.8480589691061,885.1072006382055,986.1163942943839,1580448088,1173222463,1,1,1,1,29088
304,0.36983321247280637,0.3640319071791153,0.3763596809282089,0.38578680203045684,139.73493021354602,135.21984742156283,142.5488947843855,148.49261428052043,767.7144570380418,626.0626270544503,886.3780731545044,991.09434849667,1327007373,1173222463,1,1,1,1,29184
305,0.36258158085569253,0.36693255982596085,0.3770848440899202,0.4213197969543147,140.57790538033058,135.53896194113938,143.74686642547314,148.94484481081963,765.1493798665432,626.7925284742818,886.4065786573996,989.3843222874591,1528620558,1173222463,1,1,1,1,29280
306,0.3640319071791153,0.32849891225525746,0.3727338651196519,0.36185641769398114,139.85902381128864,135.0261902941078,142.38293011970856,148.9446310177057,761.8301080695254,626.3964458307734,884.0193063941279,986.4948825802695,516144407,1173222463,1,1,1,1,29376
307,0.38506163886874545,0.36258158085569253,0.3328498912255257,0.3821609862218999,139.8506481866923,135.8367093269205,143.21980017623432,148.76479959092276,765.1691384063618,626.9847664564754,885.2311717375812,989.1490435869947,397921334,1173222463,1,1,1,1,29472
308,0.3640319071791153,0.36185641769398114,0.369108049311095,0.3328498912255257,138.31571000330482,135.42026505409842,142.38088836978335,145.6510256991067,756.9645217620648,625.3630448915455,883.2835096674858,982.1618995443072,115830048,1173222463,1,1,1,1,29568
309,0.3306744017403916,0.31762146482958664,0.3205221174764322,0.32124728063814356,139.03650190702467,135.56069119339693,142.2612708690197,146.51904839793346,765.12003479107,625.3583808815307,884.0713862127408,988.6109921889237,651661044,1173222463,1,1,1,1,29664
310,0.36765772298767224,0.369108049311095,0.32269760696156635,0.34807831762146485,141.7990426237016,136.00896964345137,144.17588320064453,150.03189869445308,763.9461388402312,625.0384421248951,885.5960868954621,987.6317175034135,1928120229,1173222463,1,1,1,1,29760
311,0.32269760696156635,0.32414793328498914,0.31907179115300943,0.3589557650471356,138.7995545829058,135.44074596886594,142.29239765108488,147.09729952236034,756.8687121037054,626.4153271276354,882.9533910010456,982.8387063632244,1645866187,1173222463,1,1,1,1,29856
312,0.3981145757795504,0.38868745467730237,0.32849891225525746,0.4031907179115301,140.67711587500915,135.43937414192334,144.44496254745,152.42728874421206,760.0514808980313,625.9502590574263,884.7659933969782,983.9798040573685,1065968221,1173222463,1,1,1,1,29952
313,0.369108049311095,0.37055837563451777,0.37055837563451777,0.378535170413343,138.9931473726291,135.0374463401907,141.7420835623444,146.90749523687754,767.9802435479951,625.8273645061367,887.3905145971319,990.4530539714445,127279116,1173222463,1,1,1,1,30048
314,0.3770848440899202,0.3741841914430747,0.32849891225525746,0.3836113125453227,140.31012722921406,135.37307897504868,143.64399600898886,148.13195653357798,770.6565218166679,627.0401419000007,887.8280409647366,993.3923378171268,2090875747,1173222463,1,1,1,1,30144
315,0.36693255982596085,0.32414793328498914,0.3727338651196519,0.3604060913705584,141.50462709651123,136.35733754638457,144.22488526632597,150.27198984952585,769.4640136536402,626.7456032403885,887.8516015358686,993.2345048325609,2032019849,1173222463,1,1,1,1,30240
316,0.32704858593183467,0.33720087019579403,0.3821609862218999,0.369108049311095,140.7075673794902,136.02502076446018,144.12007367780757,151.1427369671117,757.576674830219,627.0854729271178,886.1200943390879,983.1705431952531,112248606,1173222463,1,1,1,1,30336
317,0.3589557650471356,0.38578680203045684,0.3727338651196519,0.37200870195794056,141.91892711541024,136.54866278076807,145.31883851966975,153.23661294597446,769.5045870884373,626.8538724344431,887.6213873199008,991.7362439055152,698725097,1173222463,1,1,1,1,30432
318,0.3763596809282089,0.3567802755620014,0.32777374909354606,0.3546047860768673,141.6527284837675,136.39979073207593,144.28127788878803,151.1580940396167,771.6916853822041,626.0992294008225,887.3375770416154,993.4895859603961,1280173704,1173222463,1,1,1,1,30528
319,0.3567802755620014,0.38651196519216824,0.38941261783901376,0.30819434372733867,142.21886160415968,136.7550900539898,145.79900943359706,153.60627852053716,767.6300232793673,625.646875284863,886.552738790203,990.2918190217172,1774756513,1173222463,1,1,1,1,30624
320,0.3843364757070341,0.39158810732414795,0.4408992023205221,0.38578680203045684,142.28623913934197,137.19776871320573,145.5648020320815,151.6629122385637,765.4407245649551,625.9000283873565,885.4432670847668,987.9945505735644,1860192646,1173222463,1,1,1,1,30720
321,0.36765772298767224,0.36620739666424945,0.3756345177664975,0.3560551124002901,144.74611477868967,137.02063411539183,146.63035386718033,156.03148636454793,764.0806936777219,624.543079328569,885.5348014801664,987.6334465379201,1579191081,1173222463,1,1,1,1,30816
322,0.36765772298767224,0.36620739666424945,0.3828861493836113,0.36113125453226974,141.38019207092523,136.24709635465018,143.69440998526568,151.32914516548485,761.9799240611377,625.1865278894177,884.0639207314662,985.3081685818786,1045950996,1173222463,1,1,1,1,30912
323,0.3930384336475707,0.3727338651196519,0.3248730964467005,0.3538796229151559,141.14738195978805,136.3868998447136,146.2044034681559,153.3137456897853,758.0246234310237,624.634860719502,883.2324804992248,982.5675052938668,234058979,1173222463,1,1,1,1,31008
324,0.38723712835387963,0.40899202320522116,0.39231327048585934,0.3727338651196519,141.0938067448633,136.16684373311713,145.58626139265817,154.89025245561328,758.6545867120633,625.2640319018691,881.5826138375896,983.5545164548122,1745392623,1173222463,1,1,1,1,31104
325,0.32704858593183467,0.39231327048585934,0.38578680203045684,0.4010152284263959,139.35041292376073,134.89253650513336,142.62380783192404,150.61564345384005,770.4721568648591,624.4826095590289,882.9365956138056,991.0840479010972,117571972,1173222463,1,1,1,1,31200
326,0.3727338651196519,0.3756345177664975,0.378535170413343,0.38651196519216824,138.76645463632337,135.0461863888295,141.74294511414615,146.32814147701296,770.8647892937983,623.579986470632,883.3393735370729,990.8049020014504,907563012,1173222463,1,1,1,1,31296
327,0.397389412617839,0.39521392313270487,0.41334300217548947,0.3821609862218999,140.11124239869304,135.09198875706812,143.13929100438494,152.543354647799,761.611872411789,623.6332757806243,880.8180848973691,983.9176691119314,1596500752,1173222463,1,1,1,1,31392
328,0.4176939811457578,0.3937635968092821,0.43292240754169686,0.39086294416243655,139.71696445258667,135.03011146975837,142.85119525037035,150.20081943294085,766.372222836416,623.4686244329358,882.8941859066856,987.748164061605,1098739366,1173222463,1,1,1,1,31488
329,0.36258158085569253,0.3778100072516316,0.3727338651196519,0.38868745467730237,138.0148957628282,134.73363864262146,141.16988096629848,145.37710963609007,761.4260783958443,624.1509807335975,882.5788475018527,984.8205737135522,182732521,1173222463,1,1,1,1,31584
330,0.3640319071791153,0.37055837563451777,0.37055837563451777,0.38651196519216824,137.58460647266645,134.14653732050365,140.7044876276789,143.20613900116925,759.6904940316665,623.602968723183,880.691475518911,982.7792201025992,2036621279,1173222463,1,1,1,1,31680
331,0.38651196519216824,0.41044234952864395,0.32414793328498914,0.39231327048585934,140.5295519905786,135.11297317105033,142.68807098326266,151.33383396003828,766.0449037639579,622.8345671297568,881.0850672172854,986.7460898272063,1765757190,1173222463,1,1,1,1,31776
332,0.41624365482233505,0.38651196519216824,0.3995649021029732,0.41044234952864395,140.7922155318673,135.67637213068355,144.1005346684041,151.95612571339763,757.9938744187363,623.4677375347349,877.9709502765994,980.7753125235937,199043206,1173222463,1,1,1,1,31872
333,0.36983321247280637,0.32414793328498914,0.3560551124002901,0.3749093546047861,137.86155175541333,134.42418441371726,140.46436732807382,146.1731692219165,766.9357679167184,621.9616639864394,878.9318575719078,987.635781970772,462853251,1173222463,1,1,1,1,31968
334,0.3792603335750544,0.406816533720087,0.37200870195794056,0.32414793328498914,140.28961359492155,134.9334180549036,143.26301996254915,150.0620570943432,759.2120673592863,620.0036697312472,877.5371547512731,979.6284313376806,2111149331,1173222463,1,1,1,1,32064
335,0.3836113125453227,0.39593908629441626,0.3966642494561276,0.3944887599709935,140.4643890650897,135.52691604877555,143.6881294808586,150.80653632071844,762.4003812339912,620.734148209974,878.0079876150505,983.9878761921854,165574918,1173222463,1,1,1,1,32160
336,0.3248730964467005,0.32704858593183467,0.32704858593183467,0.331399564902103,137.25191791704384,134.5716819828961,139.67094306990967,142.82736939630453,765.6790126577604,620.5828617557768,876.6109561342477,985.3440092728524,1585929466,1173222463,1,1,1,1,32256
337,0.3589557650471356,0.32414793328498914,0.32777374909354606,0.36693255982596085,136.73247214741843,134.6873238716717,139.48498654815108,143.33141280637898,749.1339219865685,618.6464025232109,873.573714725893,971.4082878510084,658997328,1173222463,1,1,1,1,32352
338,0.3299492385786802,0.3292240754169688,0.37128353879622916,0.38506163886874545,138.1575292370425,134.78948885973378,140.45767051536967,144.74822232154287,760.4111447395029,617.9999062369558,874.7647530178522,979.6639943809648,793623960,1173222463,1,1,1,1,32448
339,0.37200870195794056,0.36693255982596085,0.38506163886874545,0.38578680203045684,139.02090475727059,135.3905413056692,142.49915633180728,147.13366184059183,759.1743419975418,618.2135110161782,871.849053924619,979.1248411341072,1082226499,1173222463,1,1,1,1,32544
340,0.36693255982596085,0.36548223350253806,0.3589557650471356,0.34372733865119653,138.8102152665376,134.9446562730042,142.08997260725795,146.0355733549092,760.7623526649721,618.6595640922461,873.5526899243793,980.2676991482039,1598134364,1173222463,1,1,1,1,32640
341,0.3582306018854242,0.3633067440174039,0.350253807106599,0.37055837563451777,138.39664822222773,134.2058363937331,141.33630610001308,145.21995391251951,760.0746893158984,617.5723754799062,873.8284671520706,980.741083088736,730530056,1173222463,1,1,1,1,32736
342,0.32414793328498914,0.32197244379985496,0.3567802755620014,0.3575054387237128,138.21709277331732,134.04554399123242,139.8298532509936,144.9697033242749,762.3318193211741,618.0681322833223,875.6517425151145,980.4041412463965,79609660,1173222463,1,1,1,1,32832
343,0.36113125453226974,0.3292240754169688,0.36113125453226974,0.3248730964467005,137.7555256581002,134.34661786259633,140.24225899980277,143.58321389029396,764.1301393763072,619.3784546570939,874.7203314557386,983.7549380318435,1317919810,1173222463,1,1,1,1,32928
344,0.32414793328498914,0.36693255982596085,0.3299492385786802,0.36983321247280637,139.68159586731775,134.75975520968848,142.85262324193383,148.86002959932856,758.9059350314254,620.401276343666,874.0305829123903,980.9195935719713,943837356,1173222463,1,1,1,1,33024
345,0.3741841914430747,0.3604060913705584,0.39086294416243655,0.38941261783901376,139.04437114695165,134.94502840585784,141.75019220538687,147.78194044423228,764.4759260443896,619.2719579849108,876.9678090440748,983.1847100944651,1564501906,1173222463,1,1,1,1,33120
346,0.34082668600435095,0.3792603335750544,0.35170413343002177,0.3770848440899202,141.058845508947,135.51257393221084,145.19893504770707,149.86523055168297,759.5814631910057,619.4913780232721,875.6769575755071,979.6320223915292,44234604,1173222463,1,1,1,1,33216
347,0.3328498912255257,0.32414793328498914,0.32414793328498914,0.36548223350253806,138.71373374913918,134.79666332301267,140.62995605442808,145.14281291869577,767.5927297469941,620.5501053760821,877.2882337808742,986.8879775653855,1851446455,1173222463,1,1,1,1,33312
348,0.3633067440174039,0.32124728063814356,0.3792603335750544,0.3567802755620014,138.57422959795406,134.7604700696101,141.5097859478993,144.28540907886654,760.8767515255655,620.3888843943103,876.7644416857523,982.4510739374307,503414538,1173222463,1,1,1,1,33408
349,0.32197244379985496,0.36620739666424945,0.38578680203045684,0.38651196519216824,139.08577492994488,135.66101926010575,142.46263650592041,147.25982296917456,765.8348045801753,621.0154732406124,879.4407164752707,986.3915979279279,1611670685,1173222463,1,1,1,1,33504
350,0.32414793328498914,0.32269760696156635,0.38723712835387963,0.3263234227701233,140.00668296793285,135.95764541651513,143.6080612545527,148.79310882832732,759.5459403769809,621.7672125784924,880.0935046675891,981.8186175847117,1206221623,1173222463,1,1,1,1,33600
351,0.3255982596084119,0.32414793328498914,0.32777374909354606,0.3292240754169688,139.1471366102591,135.164259809202,140.8381950638058,145.73580572017121,761.8509694023285,621.6457830475243,880.3955685677277,982.5864655816054,2091693331,1173222463,1,1,1,1,33696
352,0.3263234227701233,0.38071065989847713,0.36693255982596085,0.39086294416243655,138.62431943263906,135.43362989770344,142.33952484919735,147.66866728710366,766.1274703934804,622.4445809947607,880.9094968027699,987.012099623319,1674181672,1173222463,1,1,1,1,33792
353,0.3843364757070341,0.3792603335750544,0.369108049311095,0.39521392313270487,140.37342424499874,135.37482667083012,143.61066935948978,148.72690734716087,767.3803000446655,621.6528753527238,880.3587430964254,987.8012519833618,580969593,1173222463,1,1,1,1,33888
354,0.32414793328498914,0.36620739666424945,0.32342277012327775,0.3321247280638144,139.52349453964217,135.22130265167408,142.25922377230376,147.6272793652622,763.329917419553,621.9164712472837,880.0914296987871,985.4834681678059,232201967,1173222463,1,1,1,1,33984
355,0.32704858593183467,0.36838288614938364,0.32197244379985496,0.36475707034082666,138.14016340707335,134.80078370419895,141.47030841948785,144.403556475681,769.6422436041661,621.4441724717414,879.6179513940785,989.5235833842363,2092200807,1173222463,1,1,1,1,34080
356,0.32704858593183467,0.36620739666424945,0.3727338651196519,0.3321247280638144,138.8646526021431,134.6068636161844,141.35772320242572,146.91414722021287,765.373444293302,620.4772986821733,877.5201430931833,984.1883470035231,783017825,1173222463,1,1,1,1,34176
357,0.32414793328498914,0.32704858593183467,0.32849891225525746,0.32414793328498914,140.26789484783617,135.30324972072236,143.11988081131307,152.74305722148728,763.5016036574558,621.5553607426519,877.6380861203567,985.0391013284423,505321964,1173222463,1,1,1,1,34272
358,0.3263234227701233,0.32777374909354606,0.3197969543147208,0.36983321247280637,137.56000913620034,134.13004836655995,139.84353216040824,143.5609486191042,756.8216905813712,619.5587277455661,876.1608846464987,976.468160654023,1286550740,1173222463,1,1,1,1,34368
359,0.36185641769398114,0.3255982596084119,0.32414793328498914,0.32414793328498914,137.17176992238018,133.87906055991147,139.97624970931628,143.58415242713596,770.0949816249615,620.1916891625569,877.5980328997483,988.4358000400971,205045111,1173222463,1,1,1,1,34464
360,0.32414793328498914,0.32414793328498914,0.32849891225525746,0.3248730964467005,135.90098240169596,133.58587716341052,138.3728679903463,141.03867319407482,771.6021363873929,619.4748793554064,878.8749190110711,989.3078463678295,42737937,1173222463,1,1,1,1,34560
